,GPS_Height,Vert_Prec,Horz_Prec,Northing,Easting,Point_ID,ORIG_FID, D0,D60,D120,D180,D240,D300,D360,D420,D480,D540,D600,D660,D720,D780,D840,D900,D960,D1020,D1080,D1140,D1200
0,2300.49,0.8,0.5,718513.06,460792.37,1,0,0,0,1,3,4,4,4,4,4,4,5,5,5,5,5,5,5,5,5,5,5
1,2300.58,0.8,0.4,718518.26,460789.38,2,1,0,1,1,3,4,4,4,4,5,5,5,5,5,5,5,5,5,5,5,5,5
2,2299.87,0.8,0.4,718523.1,460787.08,3,2,0,0,0,1,2,2,2,2,3,3,3,3,3,3,3,5,5,5,5,5,5
3,2306.12,3.1,1.5,718530.3,460778.86,4,3,0,0,0,0,0,0,0,0,0,0,0,0,0,0,0,0,0,0,0,0,0
4,2299.16,2.2,1.2,718536.7,460783.42,5,4,0,0,0,0,0,0,0,0,0,0,0,0,0,0,0,0,0,0,0,0,0
5,2298.93,0.8,0.5,718534.98,460776.37,6,5,0,0,0,0,0,0,0,0,0,0,0,0,0,0,0,0,0,0,0,0,0
6,2298.44,0.8,0.4,718531.97,460771.41,7,6,0,0,0,0,0,1,2,2,2,4,4,4,5,5,5,5,5,5,5,5,5
7,2301.09,0.9,0.5,718526.28,460775.04,8,7,0,0,0,0,0,1,3,3,4,5,5,5,5,5,5,5,5,5,5,5,5
8,2301.3,0.6,0.4,718521.65,460779.98,11,10,0,0,0,2,2,3,3,3,4,4,4,4,4,5,5,5,5,5,5,5,5
9,2302.65,0.6,0.4,718518.92,460774.58,12,11,0,0,0,1,1,3,3,3,4,5,5,5,5,5,5,5,5,5,5,5,5
10,2302.9,0.6,0.4,718514.35,460778.46,13,12,0,0,0,0,2,2,2,3,3,5,5,5,5,5,5,5,5,5,5,5,5
11,2301.83,0.6,0.4,718515.92,460784.46,14,13,0,0,1,1,3,5,5,5,5,5,5,5,5,5,5,5,5,5,5,5,5
12,2301.64,0.6,0.4,718509.11,460788.33,15,14,0,1,2,3,5,5,5,5,5,5,5,5,5,5,5,5,5,5,5,5,5
13,2302.82,0.6,0.4,718507.43,460780.81,16,15,0,3,3,5,5,5,5,5,5,5,5,5,5,5,5,5,5,5,5,5,5
14,2303.73,0.6,0.4,718507.17,460773.42,17,16,0,0,0,3,3,5,5,5,5,5,5,5,5,5,5,5,5,5,5,5,5
15,2303.55,0.7,0.4,718512.99,460771.12,18,17,0,1,2,4,4,4,5,5,5,5,5,5,5,5,5,5,5,5,5,5,5
16,2303.54,0.7,0.4,718517.2,460767.51,19,18,0,0,0,0,0,2,2,2,2,3,3,3,3,4,5,5,5,5,5,5,5
17,2302.23,0.7,0.4,718523.38,460769.38,20,19,0,0,0,0,0,0,0,0,0,3,3,3,3,3,5,5,5,5,5,5,5
18,2298.47,0.9,0.5,718526.23,460769.13,21,20,0,0,0,0,0,0,0,0,0,0,1,1,1,1,1,2,2,2,2,2,2
19,2300.03,0.8,0.5,718527.63,460764.42,22,21,0,0,0,0,0,0,0,0,0,0,0,0,0,0,0,0,0,0,0,0,0
20,2297.42,0.9,0.5,718530.11,460755.77,23,22,0,0,0,0,0,0,0,0,1,1,1,1,1,1,1,1,2,2,2,2,3
21,2297.66,0.8,0.4,718530.24,460749.99,24,23,0,0,0,0,0,0,0,0,0,0,0,0,3,3,3,3,4,4,5,5,5
22,2298.48,0.6,0.4,718535.96,460746.18,25,24,0,0,0,0,0,0,0,0,0,0,0,0,0,0,0,0,0,0,0,0,0
23,2297.86,1.2,0.6,718535.32,460738.59,26,25,0,0,0,0,0,1,1,1,1,1,3,3,3,3,5,5,5,5,5,5,5
24,2300.49,1.4,0.6,718528.65,460736.95,27,26,0,0,0,0,0,0,0,0,1,1,2,2,2,2,4,4,4,4,5,5,5
25,2300.87,0.9,0.4,718523.54,460736.24,28,27,0,1,1,2,2,3,3,3,4,4,5,5,5,5,5,5,5,5,5,5,5
26,2305.05,1.0,0.5,718517.43,460733.55,29,28,0,2,2,3,3,4,4,5,5,5,5,5,5,5,5,5,5,5,5,5,5
27,2304.21,1.0,0.6,718515.86,460740.19,30,29,0,3,3,5,5,5,5,5,5,5,5,5,5,5,5,5,5,5,5,5,5
28,2302.8,1.0,0.5,718521.6,460742.35,31,30,0,4,4,5,5,5,5,5,5,5,5,5,5,5,5,5,5,5,5,5,5
29,2300.21,0.8,0.4,718529.07,460743.11,32,31,0,3,3,4,5,5,5,5,5,5,5,5,5,5,5,5,5,5,5,5,5
30,2302.67,0.7,0.4,718522.39,460753.76,34,33,0,0,0,0,0,0,0,0,0,0,0,0,0,0,1,1,1,3,3,3,4
31,2304.83,0.7,0.4,718516.95,460749.03,35,34,0,0,0,0,0,0,0,0,0,0,0,0,0,0,0,0,2,2,2,4,4
32,2305.72,0.6,0.4,718515.91,460755.12,36,35,0,0,0,0,0,0,0,0,0,0,0,0,1,0,3,3,0,5,5,5,5
33,2305.66,0.7,0.5,718512.58,460761.38,37,36,0,0,0,2,3,3,3,4,4,4,4,5,5,5,5,5,5,5,5,5,5
34,2306.86,0.7,0.4,718508.52,460754.92,38,37,0,0,1,1,3,3,3,3,4,5,5,5,5,5,5,5,5,5,5,5,5
35,2306.95,0.7,0.4,718503.4,460760.85,39,38,0,0,0,0,0,2,3,3,3,3,4,4,5,5,5,5,5,5,5,5,5
36,2305.41,0.7,0.4,718507.9,460765.98,40,39,0,1,3,4,4,4,5,5,5,5,5,5,5,5,5,5,5,5,5,5,5
37,2308.16,0.8,0.5,718502.59,460753.26,42,41,0,2,3,4,5,5,5,5,5,5,5,5,5,5,5,5,5,5,5,5,5
38,2308.03,0.7,0.4,718506.69,460748.09,43,42,0,0,1,3,4,5,5,5,5,5,5,5,5,5,5,5,5,5,5,5,5
39,2307.78,0.6,0.4,718508.68,460739.57,45,44,0,0,0,0,0,0,0,0,0,0,0,0,0,0,2,2,0,3,3,3,3
40,2306.96,0.7,0.4,718511.1,460732.48,46,45,0,0,0,1,1,3,3,3,3,3,4,4,4,4,5,5,5,5,5,5,5
41,2307.05,0.7,0.4,718513.87,460725.97,47,46,0,0,0,0,0,0,0,0,0,1,1,1,1,4,4,4,4,5,5,5,5
42,2306.97,0.6,0.6,718517.48,460720.02,48,47,0,0,0,0,0,0,0,0,0,0,0,0,0,0,0,0,0,0,0,0,0
43,2308.35,0.7,0.4,718517.59,460712.74,49,48,0,0,0,1,1,2,2,2,2,2,3,3,3,4,4,5,5,5,5,5,5
44,2308.17,0.7,0.4,718518.02,460706.02,50,49,0,0,0,0,0,0,0,0,0,0,2,2,2,2,3,3,3,4,4,4,5
45,2308.48,0.7,0.4,718518.54,460700.54,51,50,0,0,0,0,0,0,0,0,0,0,0,1,1,1,2,2,2,5,5,5,5
46,2307.76,0.7,0.4,718519.94,460694.11,52,51,0,0,0,0,1,1,1,2,2,2,3,3,3,3,4,4,5,5,5,5,5
47,2307.93,0.6,0.5,718519.27,460687.16,53,52,0,0,0,0,1,1,1,1,2,2,2,2,2,2,3,3,3,4,5,5,5
48,2307.04,0.7,0.4,718517.85,460680.67,54,53,0,0,1,2,2,2,2,3,3,3,4,4,4,5,5,5,5,5,5,5,5
49,2305.97,0.6,0.4,718513.97,460673.57,55,54,0,1,1,1,2,2,2,3,3,3,3,4,4,4,4,5,5,5,5,5,5
50,2304.68,0.6,0.4,718522.12,460671.06,56,55,0,0,0,0,0,0,0,0,0,0,0,0,0,0,0,0,0,1,1,1,1
51,2305.84,0.7,0.4,718523.89,460678.43,57,56,0,1,1,1,1,1,1,3,3,3,3,3,4,4,4,4,5,5,5,5,5
52,2304.19,0.7,0.4,718525.13,460686.13,58,57,0,2,2,2,3,3,4,4,5,5,5,5,5,5,5,5,5,5,5,5,5
53,2303.71,0.6,0.4,718525.53,460692.47,59,58,0,0,0,0,0,0,0,0,0,0,0,0,0,0,0,0,0,1,1,1,1
54,2305.12,0.7,0.4,718524.57,460699.57,60,59,0,0,0,0,0,1,1,1,1,0,3,3,3,3,5,5,5,5,5,5,5
55,2304.84,0.7,0.4,718523.91,460706.61,61,60,0,0,0,0,0,2,2,2,3,4,4,4,4,5,5,5,5,5,5,5,5
56,2305.61,0.7,0.5,718523.6,460713.42,62,61,0,0,0,1,1,1,1,1,1,2,2,2,3,3,5,5,5,5,5,5,5
57,2305.16,0.7,0.4,718523.41,460720.34,63,62,0,0,0,0,0,0,0,0,1,1,1,1,1,1,2,2,2,3,3,3,4
58,2304.78,0.6,0.4,718520.13,460727.34,64,63,0,0,0,1,1,3,3,3,3,3,4,4,5,5,5,5,5,5,5,5,5
59,2302.9,0.7,0.4,718526.3,460729.42,67,66,0,0,0,0,0,1,1,1,1,1,1,1,1,1,3,3,3,5,5,5,5
60,2302.91,0.6,0.4,718530.01,460723.22,68,67,0,0,0,0,0,0,0,2,2,2,4,4,4,4,5,5,5,5,5,5,5
61,2303.21,0.6,0.4,718529.96,460716.3,69,68,0,1,1,1,2,2,2,4,4,4,4,4,4,4,5,5,5,5,5,5,5
62,2303.61,0.7,0.4,718529.54,460709.7,70,69,0,0,0,0,0,0,0,0,0,0,1,1,1,1,3,3,3,5,5,5,5
63,2302.99,0.6,0.4,718530.44,460703.36,71,70,0,0,0,0,0,2,2,2,2,3,4,4,4,4,5,5,5,5,5,5,5
64,2301.95,0.6,0.4,718532.07,460696.34,72,71,0,1,2,2,2,2,3,3,3,3,5,5,5,5,5,5,5,5,5,5,5
65,2302.84,0.7,0.4,718530.76,460690.5,73,72,0,2,4,5,5,5,5,5,5,5,5,5,5,5,5,5,5,5,5,5,5
66,2303.89,0.7,0.4,718529.24,460682.23,74,73,0,4,5,5,5,5,5,5,5,5,5,5,5,5,5,5,5,5,5,5,5
67,2303.34,0.8,0.5,718530.79,460675.64,75,74,0,0,0,0,0,0,3,3,3,3,4,4,5,5,5,5,5,5,5,5,5
68,2303.15,0.7,0.5,718519.91,460665.8,77,76,0,0,0,0,0,0,0,0,0,0,0,0,0,0,0,0,0,0,0,0,0
69,2300.43,0.7,0.4,718509.92,460664.6,78,77,0,0,0,0,0,0,0,0,0,0,0,0,0,0,0,0,0,0,0,0,0
70,2305.2,0.7,0.4,718505.67,460670.72,79,78,0,0,0,0,0,0,0,0,0,0,0,0,0,0,0,0,0,0,0,0,0
71,2296.33,0.7,0.4,718512.02,460659.75,80,79,0,0,0,0,0,0,0,0,0,0,0,0,0,0,0,0,0,0,0,0,0
72,2300.5,0.6,0.4,718515.02,460661.45,81,80,0,0,0,0,0,0,0,0,0,0,0,0,0,0,0,0,0,0,0,0,0
73,2300.29,0.6,0.4,718531.4,460670.42,83,82,0,1,2,2,3,5,5,5,5,5,5,5,5,5,5,5,5,5,5,5,5
74,2299.68,0.7,0.4,718535.68,460677.16,85,84,0,0,0,0,0,0,0,0,0,0,0,0,0,0,0,0,0,0,0,0,0
75,2297.72,0.6,0.4,718535.87,460686.8,86,85,0,0,0,0,0,0,0,0,0,0,0,0,0,0,0,0,0,0,0,0,1
76,2298.5,0.6,0.4,718537.96,460692.33,87,86,0,0,0,0,1,1,2,2,2,3,3,3,4,5,5,5,5,5,5,5,5
77,2299.27,0.8,0.5,718537.5,460699.28,88,87,0,0,0,0,0,0,0,0,0,0,1,1,1,1,2,2,2,3,4,4,5
78,2298.76,0.6,0.4,718542.39,460705.47,89,88,0,0,0,0,0,0,0,0,0,0,0,0,1,1,3,3,4,5,5,5,5
79,2299.16,0.6,0.4,718543.38,460712.75,90,89,0,0,0,0,0,0,0,0,1,1,1,2,2,2,3,3,4,4,4,4,5
80,2298.45,0.5,0.4,718542.74,460719.25,91,90,0,0,0,0,0,0,0,0,0,0,0,0,0,0,3,3,4,4,4,4,5
81,2300.78,0.5,0.3,718535.47,460720.18,92,91,0,0,0,0,0,2,2,2,2,2,2,3,3,3,5,5,5,5,5,5,5
82,2300.09,0.6,0.4,718533.75,460727.42,93,92,0,0,0,0,0,1,1,1,1,1,2,2,2,2,4,4,4,5,5,5,5
83,2297.26,0.6,0.4,718537.71,460732.61,95,94,0,0,0,0,0,2,2,3,4,4,4,4,5,5,5,5,5,5,5,5,5
84,2296.63,0.6,0.4,718542.02,460742.76,96,95,0,0,0,0,0,0,0,0,0,0,0,0,0,0,0,0,0,0,0,0,0
85,2294.4,0.6,0.5,718541.92,460749.21,97,96,0,0,0,0,0,0,0,0,0,0,0,0,0,0,0,0,0,0,0,0,0
86,2291.46,0.6,0.5,718547.55,460745.73,98,97,0,0,0,0,0,0,0,0,0,0,0,0,0,0,0,0,0,0,0,0,0
87,2291.04,0.6,0.4,718544.6,460753.05,99,98,0,0,0,0,0,0,0,0,0,0,0,0,0,0,0,0,0,0,0,0,0
88,2293.71,0.7,0.5,718537.07,460752.72,100,99,0,0,0,0,0,0,0,0,0,0,0,0,0,0,0,0,0,0,0,0,0
89,2294.76,0.6,0.4,718534.72,460759.05,101,100,0,0,0,0,0,0,0,0,0,0,0,0,0,0,0,0,0,0,0,0,0
90,2296.25,0.5,0.4,718541.17,460779.5,104,103,0,0,0,0,0,0,0,0,0,1,1,2,2,3,3,3,3,3,4,4,5
91,2292.6,0.5,0.4,718547.13,460776.06,105,104,0,0,0,0,0,0,0,0,0,0,0,0,0,0,0,0,0,0,0,0,0
92,2292.46,0.7,0.5,718538.79,460773.45,106,105,0,0,0,0,0,0,0,0,0,0,0,0,0,0,0,0,0,0,0,0,0
93,2292.3,0.6,0.5,718534.61,460766.72,107,106,0,0,0,0,0,0,0,0,0,0,0,0,0,0,0,0,0,0,0,0,0
94,2289.22,0.5,0.5,718540.02,460766.32,108,107,0,0,0,0,0,0,0,0,0,0,0,0,0,0,0,0,0,0,0,0,0
95,2288.65,0.5,0.4,718544.88,460770.56,109,108,0,0,0,0,0,0,0,0,0,0,0,0,0,0,3,3,3,3,3,3,3
96,2285.4,0.5,0.4,718547.17,460763.98,111,110,0,0,0,0,0,0,0,0,0,0,0,0,0,0,0,0,0,0,0,0,0
97,2286.4,0.5,0.4,718545.87,460757.27,112,111,0,0,0,0,0,0,0,0,0,0,0,0,0,0,0,0,0,0,0,0,0
98,2288.12,0.5,0.5,718551.16,460750.93,113,112,0,0,0,0,0,0,0,0,0,0,0,0,0,0,0,0,0,0,0,0,0
99,2287.0,0.6,0.4,718560.32,460746.03,115,114,0,0,0,0,0,0,0,0,0,0,0,0,0,0,1,1,1,1,1,1,1
100,2290.72,0.5,0.5,718556.88,460742.4,116,115,0,0,0,0,0,0,0,0,0,0,0,0,0,0,0,0,0,0,0,0,0
101,2288.04,0.6,0.4,718561.92,460741.04,117,116,0,0,0,0,0,0,0,0,0,0,0,0,0,0,0,0,0,2,2,2,2
102,2284.51,0.6,0.4,718568.59,460743.53,118,117,0,0,0,0,0,0,0,0,0,0,0,0,0,0,0,0,0,0,0,0,0
103,2283.15,0.5,0.4,718567.45,460747.89,119,118,0,0,0,0,0,0,0,0,0,0,0,0,0,0,0,0,0,0,0,0,0
104,2283.0,0.4,0.3,718556.41,460752.39,120,119,0,0,0,0,0,0,0,0,0,0,2,2,2,2,4,4,4,5,5,5,5
105,2283.24,0.6,0.5,718553.26,460760.28,121,120,0,0,0,0,0,0,0,0,0,0,0,0,0,0,0,0,0,0,0,0,0
106,2285.69,0.4,0.4,718554.89,460766.71,122,121,0,0,0,0,0,0,0,0,0,0,0,0,0,0,0,0,0,0,0,0,0
107,2286.67,0.5,0.5,718560.95,460736.45,128,125,0,0,0,1,1,2,2,2,2,2,3,3,3,3,5,5,5,5,5,5,5
108,2291.29,0.5,0.4,718549.74,460737.85,130,127,0,0,0,0,2,3,3,3,3,3,4,4,4,4,5,5,5,5,5,5,5
109,2291.95,0.4,0.5,718546.45,460734.46,131,128,0,0,1,1,2,3,3,3,3,3,3,3,3,4,4,4,5,5,5,5,5
110,2297.31,0.4,0.4,718540.09,460726.1,134,131,0,0,1,1,3,3,4,4,4,5,5,5,5,5,5,5,5,5,5,5,5
111,2296.77,0.5,0.4,718550.57,460716.79,137,134,0,0,1,1,1,2,3,4,4,5,5,5,5,5,5,5,5,5,5,5,5
112,2297.34,0.4,0.3,718548.88,460709.72,138,135,0,0,0,1,2,2,2,2,2,3,4,4,4,5,5,5,5,5,5,5,5
113,2296.53,0.5,0.4,718547.19,460704.03,139,136,0,0,0,0,0,0,1,1,1,1,3,3,3,3,4,4,4,4,5,5,5
114,2296.71,0.5,0.4,718545.21,460698.97,140,137,0,0,0,0,1,1,1,1,2,2,2,3,3,3,4,4,4,5,5,5,5
115,2295.7,0.5,0.4,718542.4,460692.07,141,138,0,0,1,1,2,2,2,3,3,3,4,4,4,5,5,5,5,5,5,5,5
116,2295.1,0.5,0.7,718542.15,460685.31,142,139,0,0,0,0,0,3,4,4,4,4,4,4,4,4,4,5,5,5,5,5,5
117,2295.51,0.5,0.5,718542.65,460677.67,143,140,0,0,0,0,0,0,0,0,0,0,0,0,0,0,0,0,0,1,1,1,1
118,2295.54,1.2,1.1,718542.63,460671.52,144,141,0,0,0,0,0,0,0,0,0,0,0,0,0,0,0,0,0,0,0,0,0
119,2297.67,0.5,0.5,718538.2,460667.1,145,142,0,0,0,0,0,0,0,0,0,0,0,0,0,0,0,0,0,0,0,0,0
120,2297.66,0.5,0.7,718531.21,460665.25,147,144,0,0,0,0,0,0,2,3,3,5,5,5,5,5,5,5,5,5,5,5,5
121,2297.32,0.6,0.7,718523.59,460662.18,148,145,0,0,0,0,0,0,0,0,0,0,0,0,0,0,0,0,0,0,0,0,0
122,2296.23,0.9,0.9,718518.47,460653.78,151,148,0,0,0,0,0,0,0,0,0,0,1,1,1,4,5,5,5,5,5,5,5
123,2293.31,1.2,1.0,718522.27,460652.78,152,149,0,0,0,0,0,0,0,0,0,0,2,3,3,3,3,3,3,3,3,3,3
124,2293.66,0.6,0.7,718532.87,460660.17,154,151,0,0,0,0,0,0,0,0,0,0,0,0,0,0,0,0,0,0,0,0,0
125,2294.42,0.6,0.5,718538.02,460663.42,155,152,0,0,0,0,0,0,0,0,0,0,0,0,0,0,0,0,0,0,0,0,0
126,2289.38,0.8,0.9,718534.13,460654.77,156,153,0,0,0,0,0,0,0,0,0,0,0,0,0,0,0,0,0,0,0,0,0
127,2282.56,2.0,2.2,718535.35,460662.25,157,154,0,0,0,0,0,0,0,0,0,0,0,0,0,0,0,0,0,0,0,0,0
128,2292.83,1.6,2.0,718542.65,460662.49,158,155,0,0,0,0,0,0,0,0,0,0,0,0,0,0,0,0,0,0,0,0,0
129,2292.12,0.8,0.8,718548.19,460673.51,159,156,0,0,0,0,0,0,0,0,0,0,0,0,0,0,0,0,0,0,0,0,0
130,2292.47,0.5,0.5,718548.85,460678.39,160,157,0,0,0,0,0,0,0,0,0,0,0,0,0,0,0,0,0,0,0,0,0
131,2292.06,0.6,0.6,718548.83,460683.66,161,158,0,1,2,4,5,5,5,5,5,5,5,5,5,5,5,5,5,5,5,5,5
132,2292.33,0.5,0.5,718549.3,460689.58,162,159,0,1,2,5,5,5,5,5,5,5,5,5,5,5,5,5,5,5,5,5,5
133,2293.0,0.5,0.6,718552.13,460695.07,163,160,0,2,5,5,5,5,5,5,5,5,5,5,5,5,5,5,5,5,5,5,5
134,2295.22,0.5,0.4,718552.37,460701.59,164,161,0,3,5,5,5,5,5,5,5,5,5,5,5,5,5,5,5,5,5,5,5
135,2296.01,0.5,0.5,718557.7,460707.37,165,162,0,1,2,5,5,5,5,5,5,5,5,5,5,5,5,5,5,5,5,5,5
136,2297.06,0.5,0.4,718556.72,460712.16,166,163,0,3,5,5,5,5,5,5,5,5,5,5,5,5,5,5,5,5,5,5,5
137,2294.46,0.5,0.5,718545.59,460728.35,170,167,0,1,2,3,4,5,5,5,5,5,5,5,5,5,5,5,5,5,5,5,5
138,2292.71,0.5,0.4,718550.74,460732.13,171,168,0,1,4,5,5,5,5,5,5,5,5,5,5,5,5,5,5,5,5,5,5
139,2294.55,0.5,0.5,718554.24,460725.52,172,169,0,0,1,2,5,5,5,5,5,5,5,5,5,5,5,5,5,5,5,5,5
140,2296.12,0.5,0.4,718547.94,460722.46,173,170,0,0,0,0,1,1,1,2,2,2,3,3,3,4,4,4,5,5,5,5,5
141,2296.1,0.5,0.5,718556.2,460719.21,174,171,0,1,2,3,5,5,5,5,5,5,5,5,5,5,5,5,5,5,5,5,5
142,2293.35,0.5,0.4,718563.92,460716.8,177,174,0,1,5,5,5,5,5,5,5,5,5,5,5,5,5,5,5,5,5,5,5
143,2291.85,0.5,0.5,718562.71,460722.64,178,175,0,0,1,2,2,3,5,5,5,5,5,5,5,5,5,5,5,5,5,5,5
144,2289.48,0.5,0.4,718559.24,460730.65,179,176,0,5,5,5,5,5,5,5,5,5,5,5,5,5,5,5,5,5,5,5,5
145,2284.62,0.6,0.6,718570.03,460735.0,181,178,0,5,5,5,5,5,5,5,5,5,5,5,5,5,5,5,5,5,5,5,5
146,2286.34,0.4,0.4,718572.28,460729.87,182,179,0,5,5,5,5,5,5,5,5,5,5,5,5,5,5,5,5,5,5,5,5
147,2289.49,0.4,0.4,718570.6,460722.43,183,180,0,5,5,5,5,5,5,5,5,5,5,5,5,5,5,5,5,5,5,5,5
148,2293.51,0.5,0.4,718564.4,460710.57,185,182,0,4,5,5,5,5,5,5,5,5,5,5,5,5,5,5,5,5,5,5,5
149,2292.86,0.4,0.4,718562.26,460703.59,186,183,0,0,0,0,0,0,0,0,0,0,0,0,0,0,0,0,0,0,0,0,0
150,2293.03,0.5,0.4,718558.57,460697.71,188,185,0,1,3,5,5,5,5,5,5,5,5,5,5,5,5,5,5,5,5,5,5
151,2290.24,0.5,0.4,718562.13,460695.66,189,186,0,0,0,0,0,0,0,0,0,0,0,0,0,0,0,0,0,2,2,2,2
152,2289.41,0.5,0.4,718561.58,460689.38,190,187,0,0,0,0,0,0,0,0,0,0,1,1,1,2,2,3,4,4,5,5,5
153,2290.46,0.5,0.4,718556.28,460689.26,191,188,0,0,0,0,0,0,0,0,0,0,0,0,0,0,0,0,0,0,5,5,5
154,2288.7,0.5,0.5,718554.3,460683.36,192,189,0,0,0,0,0,0,1,1,1,1,1,1,3,3,3,3,4,5,5,5,5
155,2288.49,0.5,0.4,718556.25,460677.07,193,190,0,0,0,0,0,0,0,0,0,0,0,0,0,0,0,0,0,0,0,0,0
156,2286.57,0.4,0.4,718555.17,460670.86,194,191,0,0,0,0,0,0,0,0,0,0,0,0,0,0,0,0,0,0,0,0,0
157,2281.07,11.1,6.9,718548.6,460665.64,195,192,0,0,0,0,0,0,0,0,0,0,0,0,0,0,0,0,0,0,0,0,0
158,2285.76,1.3,1.1,718545.79,460661.53,196,193,0,0,0,0,0,0,0,0,0,0,0,0,0,0,0,0,0,0,0,0,0
159,2280.74,0.7,0.7,718543.07,460649.89,199,196,0,0,0,0,0,0,0,0,0,0,0,0,0,0,0,0,0,0,0,0,0
160,2286.07,0.8,0.8,718546.99,460653.8,200,197,0,0,0,0,0,0,0,0,0,0,0,0,0,0,0,0,0,0,0,0,0
161,2281.14,1.0,1.0,718547.97,460650.53,201,198,0,0,1,2,2,2,3,3,3,3,4,4,4,4,5,5,5,5,5,5,5
162,2283.33,1.0,1.0,718542.99,460654.86,202,199,0,0,0,0,0,0,0,0,0,0,0,0,0,0,0,0,0,0,0,0,0
163,2284.68,1.0,1.0,718553.48,460657.17,203,200,0,0,0,0,0,0,0,0,0,0,0,0,0,0,0,0,0,0,0,0,0
164,2261.34,13.9,8.0,718552.15,460640.92,204,201,0,0,0,0,0,0,0,0,0,0,3,3,3,5,5,5,5,5,5,5,5
165,2278.92,0.7,0.7,718561.0,460655.16,205,202,0,1,2,5,5,5,5,5,5,5,5,5,5,5,5,5,5,5,5,5,5
166,2281.67,0.8,0.8,718555.52,460662.39,208,205,0,0,0,0,0,0,0,0,0,0,0,0,0,0,0,0,0,2,2,2,2
167,2286.74,0.7,0.7,718550.7,460666.63,209,206,0,0,0,0,0,0,0,0,0,0,0,0,0,0,0,0,0,0,0,0,0
168,2287.13,0.5,0.4,718560.01,460671.18,211,208,0,0,0,0,0,0,0,0,0,0,0,0,0,0,0,0,0,0,0,0,0
169,2285.02,0.4,0.4,718567.32,460668.67,212,209,0,0,1,2,3,4,5,5,5,5,5,5,5,5,5,5,5,5,5,5,5
170,2281.54,0.6,0.6,718564.35,460662.84,213,210,0,0,0,0,0,0,0,0,0,0,0,0,0,0,0,0,0,1,1,1,1
171,2282.61,0.7,0.6,718571.44,460664.85,214,211,0,0,0,0,0,0,0,0,0,0,0,0,0,0,0,0,0,2,2,2,2
172,2277.67,0.5,0.4,718578.79,460662.62,215,212,0,0,0,0,0,0,0,0,0,0,0,0,0,0,0,0,0,1,2,2,2
173,2273.78,0.5,0.5,718586.14,460663.5,216,213,0,0,0,0,0,0,0,0,0,0,0,0,0,0,0,0,0,0,0,0,0
174,2269.69,0.6,0.5,718590.06,460664.84,217,214,0,0,0,0,0,0,0,0,0,0,0,0,0,0,0,0,0,0,0,0,0
175,2267.52,0.6,0.6,718590.23,460672.62,219,216,0,0,0,0,0,0,0,0,0,0,0,0,0,0,0,0,0,0,0,0,0
176,2265.33,0.6,0.6,718592.31,460677.36,220,217,0,0,0,0,0,0,0,0,0,0,0,0,0,0,0,0,0,0,0,0,0
177,2254.22,13.9,11.2,718590.88,460676.49,221,218,0,0,0,0,0,0,0,0,0,0,0,0,0,0,0,0,0,0,0,0,0
178,2265.36,0.9,0.7,718594.44,460690.39,222,219,0,0,0,0,0,0,0,0,0,0,0,0,0,0,0,0,0,0,1,1,1
179,2266.52,1.0,0.9,718602.77,460700.13,223,220,0,0,0,0,0,0,0,0,0,0,0,0,0,0,0,0,0,0,0,0,0
180,2265.91,0.7,0.6,718605.65,460705.7,224,221,0,0,0,0,0,0,0,0,0,0,0,0,0,0,0,0,0,1,1,1,1
181,2262.94,0.8,0.7,718611.78,460705.85,225,222,0,0,0,0,0,0,0,0,0,0,0,0,0,0,0,0,0,0,0,0,0
182,2265.05,0.5,0.5,718610.09,460711.77,226,223,0,0,0,0,0,0,0,0,0,0,0,0,0,0,2,2,2,3,3,3,3
183,2268.09,0.9,0.7,718613.93,460720.57,227,224,0,0,0,0,0,0,0,0,0,0,0,0,0,0,0,0,0,0,0,0,0
184,2261.98,0.5,0.5,718620.96,460720.53,228,225,0,0,0,0,0,0,0,0,0,0,0,0,0,0,0,0,0,2,2,2,2
185,2267.92,0.6,0.5,718607.82,460720.35,229,226,0,0,0,0,0,0,0,0,0,0,0,0,0,0,0,0,0,2,2,2,2
186,2267.24,0.5,0.4,718597.22,460702.38,232,229,0,0,0,0,0,0,0,0,0,0,0,0,0,0,0,0,0,0,0,0,0
187,2268.99,0.9,0.7,718595.6,460698.36,233,230,0,0,0,0,0,0,0,0,0,0,0,0,0,0,0,0,0,0,0,0,0
188,2268.89,0.7,0.6,718588.31,460693.4,234,231,0,0,0,0,0,0,0,0,0,0,0,0,0,0,0,0,0,0,0,0,0
189,2268.25,0.5,0.4,718586.64,460688.25,235,232,0,0,0,0,0,0,0,0,0,0,0,0,0,0,0,0,0,0,0,0,1
190,2270.38,0.6,0.5,718587.01,460683.15,236,233,0,0,0,0,0,0,0,0,0,0,0,0,0,0,0,0,0,1,1,1,1
191,2270.01,0.6,0.5,718587.65,460675.89,237,234,0,0,0,0,0,0,0,0,0,0,0,0,0,0,0,3,3,3,3,3,4
192,2273.73,0.6,0.5,718584.0,460674.16,238,235,0,0,0,0,0,0,0,0,0,0,0,0,0,0,0,0,0,0,0,0,0
193,2276.95,0.5,0.4,718581.95,460668.74,239,236,0,0,0,0,0,0,0,0,0,0,0,0,0,0,0,0,0,0,0,0,0
194,2276.59,0.7,0.6,718578.51,460674.17,240,237,0,0,0,0,0,0,0,0,0,0,0,0,0,0,0,0,0,0,0,0,0
195,2275.95,0.6,0.5,718581.11,460681.33,241,238,0,0,0,0,0,0,0,0,0,0,0,0,0,0,2,2,3,3,3,3,3
196,2276.07,1.0,0.7,718581.76,460687.18,242,239,0,0,0,0,0,0,0,0,0,0,0,0,0,0,0,0,0,0,0,0,0
197,2274.56,1.0,0.8,718581.67,460692.33,243,240,0,0,0,0,0,0,0,0,0,0,0,0,0,0,0,0,0,0,0,0,0
198,2274.12,1.2,1.0,718582.8,460700.11,244,241,0,0,0,0,0,0,0,0,0,0,0,0,0,0,0,0,0,0,2,2,2
199,2274.08,0.6,0.5,718590.22,460705.9,245,242,0,0,0,0,0,0,0,0,0,0,0,0,0,0,0,0,0,0,0,0,0
200,2275.45,0.8,0.7,718596.69,460709.34,246,243,0,0,0,0,0,0,0,0,0,0,0,0,0,0,0,0,0,0,0,0,0
201,2275.49,0.5,0.3,718599.46,460716.21,247,244,0,0,0,0,0,0,0,0,0,0,0,0,0,0,0,0,0,0,0,0,0
202,2274.46,0.6,0.4,718601.86,460722.84,248,245,0,0,0,0,0,0,0,0,0,0,0,0,0,0,0,0,0,0,0,0,0
203,2276.13,0.4,0.3,718601.2,460730.58,249,246,0,0,0,0,0,0,0,0,0,0,0,0,0,0,2,4,4,4,4,4,4
204,2277.01,0.6,0.5,718597.96,460735.34,250,247,0,0,0,0,0,0,0,0,0,0,0,0,0,0,0,0,0,0,0,0,0
205,2275.82,0.7,0.5,718593.32,460738.61,251,248,0,0,0,0,0,0,0,0,0,0,0,0,0,0,0,0,0,0,0,0,0
206,2277.93,0.9,0.7,718585.07,460739.52,253,250,0,0,0,0,0,0,0,0,0,0,0,0,0,0,0,0,0,0,0,0,0
207,2275.43,0.8,0.7,718580.33,460743.26,254,251,0,0,0,0,0,0,0,0,0,0,0,1,1,1,1,1,1,1,1,2,2
208,2275.54,0.7,0.5,718576.32,460746.18,255,252,0,0,0,0,0,0,0,0,0,0,0,0,0,0,0,0,0,0,1,1,1
209,2271.6,0.7,0.6,718572.78,460751.17,256,253,0,0,0,0,0,0,0,0,0,0,0,0,0,0,0,0,0,0,0,0,0
210,2277.62,0.5,0.4,718573.43,460742.54,257,254,0,1,2,4,5,5,5,5,5,5,5,5,5,5,5,5,5,5,5,5,5
211,2280.57,0.4,0.3,718590.08,460731.62,261,258,0,0,0,0,0,0,0,0,0,0,0,0,0,0,0,0,0,0,0,0,0
212,2284.88,0.5,0.4,718579.77,460728.7,262,259,0,0,0,0,0,0,0,0,0,0,0,0,0,0,0,0,0,0,0,0,0
213,2285.31,0.5,0.4,718565.32,460733.91,265,262,0,0,0,0,0,0,0,0,0,0,1,1,1,1,2,2,2,3,4,4,4
214,2287.21,0.4,0.3,718565.58,460728.87,266,263,0,1,2,4,5,5,5,5,5,5,5,5,5,5,5,5,5,5,5,5,5
215,2290.46,0.5,0.3,718570.22,460714.51,269,266,0,3,3,3,4,5,5,5,5,5,5,5,5,5,5,5,5,5,5,5,5
216,2285.82,0.5,0.4,718576.55,460716.15,270,267,0,4,5,5,5,5,5,5,5,5,5,5,5,5,5,5,5,5,5,5,5
217,2285.13,0.5,0.3,718576.39,460722.3,271,268,0,5,5,5,5,5,5,5,5,5,5,5,5,5,5,5,5,5,5,5,5
218,2283.07,0.5,0.3,718584.99,460725.72,272,269,0,0,0,0,0,0,0,0,0,1,1,1,1,1,3,3,3,3,3,3,3
219,2283.49,0.5,0.4,718583.6,460715.87,273,270,0,0,0,0,0,0,0,0,0,0,0,1,1,1,2,2,2,2,2,2,2
220,2280.45,0.5,0.3,718590.06,460725.22,274,271,0,1,2,3,3,3,3,3,3,3,4,4,4,4,5,5,5,5,5,5,5
221,2277.73,0.5,0.4,718595.85,460723.67,275,272,0,0,0,0,0,0,0,0,0,0,0,0,0,0,2,2,2,3,4,5,5
222,2278.03,0.5,0.4,718594.97,460729.51,276,273,0,0,0,0,0,0,0,0,0,0,0,0,0,0,0,0,0,1,1,1,1
223,2278.08,0.5,0.3,718595.15,460717.47,277,274,0,0,0,0,0,0,0,0,0,0,0,0,0,0,1,2,2,3,4,4,5
224,2281.11,0.7,0.4,718591.03,460717.25,278,275,0,1,2,4,5,5,5,5,5,5,5,5,5,5,5,5,5,5,5,5,5
225,2280.91,0.7,0.5,718587.0,460710.91,279,276,0,0,0,0,0,0,0,0,0,0,0,0,0,0,0,0,0,0,0,0,0
226,2280.99,0.6,0.4,718581.6,460710.72,280,277,0,0,0,0,0,0,0,0,0,0,0,0,0,0,0,0,0,0,0,0,0
227,2277.28,0.8,0.6,718580.1,460702.3,282,279,0,0,0,0,0,0,0,0,0,0,0,0,0,0,0,0,0,0,0,0,0
228,2275.59,0.7,0.5,718576.7,460697.0,283,280,0,0,0,0,0,0,0,0,0,0,0,0,0,0,0,0,3,3,3,3,3
229,2277.73,0.6,0.4,718576.46,460690.35,284,281,0,0,0,0,0,0,0,0,0,0,0,0,0,0,0,0,0,0,0,0,0
230,2278.38,0.6,0.4,718576.11,460683.84,285,282,0,0,0,0,0,0,0,0,0,0,0,0,0,0,0,0,0,0,0,1,1
231,2278.27,0.6,0.4,718575.23,460671.32,286,283,0,0,0,0,0,0,0,0,0,0,0,0,0,0,0,0,1,2,3,3,3
232,2281.11,0.6,0.4,718570.76,460681.85,289,286,0,0,0,0,0,0,0,0,0,0,0,0,0,0,1,1,1,1,1,1,1
233,2282.17,0.6,0.4,718570.73,460688.87,290,287,0,0,0,0,0,0,0,0,0,0,0,0,0,0,0,2,2,2,3,3,3
234,2280.96,0.6,0.4,718571.94,460695.84,291,288,0,0,0,0,0,0,0,0,0,0,0,0,0,0,0,0,0,0,0,0,1
235,2280.41,0.8,0.5,718573.89,460704.28,293,290,0,0,0,0,0,0,0,0,0,0,0,0,0,0,0,0,2,2,3,4,5
236,2285.15,0.6,0.4,718574.45,460709.01,294,291,0,0,0,0,0,0,0,0,0,0,0,0,0,0,0,0,0,0,0,0,0
237,2285.82,0.6,0.4,718568.34,460706.58,295,292,0,0,0,0,1,1,1,1,2,2,2,3,3,3,4,4,5,5,5,5,5
238,2286.52,0.6,0.4,718568.4,460701.24,296,293,0,0,0,0,0,0,0,0,0,0,0,0,0,0,0,0,0,0,0,0,0
239,2286.16,0.6,0.3,718566.91,460693.49,297,294,0,0,0,0,0,0,0,0,0,0,0,0,0,0,0,0,0,0,0,1,1
240,2285.8,0.6,0.4,718566.56,460686.16,298,295,0,0,0,0,0,0,0,0,0,0,0,0,0,0,0,1,2,2,3,3,3
241,2285.35,0.5,0.3,718566.0,460677.72,299,296,0,1,5,5,5,5,5,5,5,5,5,5,5,5,5,5,5,5,5,5,5
242,2284.25,0.7,0.4,718561.22,460667.54,301,298,0,0,0,0,0,0,0,0,0,0,0,0,0,0,0,0,0,0,0,0,0
243,2282.7,0.7,0.5,718549.67,460643.89,302,299,0,0,0,0,0,0,0,0,0,0,0,0,0,0,0,0,0,0,0,0,0
244,2283.59,0.9,0.5,718546.18,460639.77,303,300,0,0,0,0,0,0,0,0,0,0,0,0,0,0,0,0,0,0,0,0,0
245,2286.77,0.6,0.4,718542.77,460643.48,304,301,0,0,0,0,0,0,0,0,0,0,0,0,0,0,0,0,0,0,0,0,0
246,2286.45,0.7,0.4,718541.33,460638.41,305,302,0,0,0,0,0,0,0,0,0,0,0,0,0,0,0,0,0,0,0,0,0
247,2284.22,0.6,0.3,718540.79,460631.24,306,303,0,0,0,0,0,0,0,0,0,0,0,0,0,0,0,0,0,0,0,0,0
248,2285.28,0.7,0.4,718541.31,460623.9,307,304,0,0,0,0,0,0,0,0,0,0,0,0,0,0,0,0,0,0,0,0,0
249,2288.17,0.7,0.3,718536.8,460631.69,309,306,0,0,0,0,0,0,0,0,0,0,0,0,0,0,0,0,0,0,0,0,0
250,2289.98,0.7,0.3,718535.09,460623.04,310,307,0,0,0,0,0,0,0,0,0,0,0,0,0,0,0,0,0,0,0,0,0
251,2288.32,0.6,0.4,718536.5,460614.94,311,308,0,0,0,0,0,0,0,0,0,0,0,0,0,0,0,0,0,0,0,0,0
252,2283.18,0.6,0.4,718540.52,460612.5,312,309,0,0,0,0,0,0,0,0,0,0,0,0,0,0,0,0,0,0,0,0,0
253,2285.78,0.7,0.3,718541.16,460603.82,313,310,0,0,0,0,0,0,0,0,0,0,0,0,0,0,0,1,1,2,2,2,3
254,2287.97,0.7,0.4,718537.53,460594.34,315,312,0,0,0,0,0,0,0,0,0,0,0,0,0,0,0,0,0,0,0,0,0
255,2286.65,0.7,0.4,718537.31,460589.52,317,314,0,0,0,0,0,0,0,0,0,0,0,0,0,0,0,0,0,0,0,0,0
256,2286.56,1.2,0.6,718530.62,460589.49,318,315,0,0,0,0,0,0,0,0,0,0,1,2,3,3,3,3,3,5,5,5,5
257,2286.49,0.7,0.3,718525.21,460585.99,319,316,0,1,2,3,4,5,5,5,5,5,5,5,5,5,5,5,5,5,5,5,5
258,2285.37,1.2,0.6,718521.85,460580.01,320,317,0,0,0,1,1,2,2,3,3,3,3,5,5,5,5,5,5,5,5,5,5
259,2284.16,0.6,0.3,718527.22,460579.98,321,318,0,0,0,0,1,1,2,2,2,3,3,3,4,4,5,5,5,5,5,5,5
260,2284.25,1.3,0.6,718523.4,460572.08,323,320,0,0,0,0,0,0,1,1,1,2,2,3,4,5,5,5,5,5,5,5,5
261,2287.11,0.6,0.3,718517.44,460569.17,324,321,0,3,4,5,5,5,5,5,5,5,5,5,5,5,5,5,5,5,5,5,5
262,2286.7,1.5,0.8,718511.89,460565.39,325,322,0,1,4,5,5,5,5,5,5,5,5,5,5,5,5,5,5,5,5,5,5
263,2288.36,0.7,0.3,718507.81,460563.8,326,323,0,2,3,5,5,5,5,5,5,5,5,5,5,5,5,5,5,5,5,5,5
264,2289.48,0.5,0.3,718503.14,460565.6,327,324,0,0,0,0,0,1,1,1,1,1,2,2,2,2,3,3,3,3,3,3,3
265,2290.32,0.7,0.3,718500.12,460572.23,328,325,0,0,0,0,0,0,0,0,0,0,2,2,2,3,4,4,4,5,5,5,5
266,2293.6,0.6,0.3,718497.6,460579.47,329,326,0,0,0,0,0,0,0,2,2,2,2,3,3,3,3,3,5,5,5,5,5
267,2291.16,0.7,0.4,718503.5,460583.79,330,327,0,1,1,1,2,2,2,4,4,5,5,5,5,5,5,5,5,5,5,5,5
268,2290.27,0.6,0.3,718506.69,460576.56,331,328,0,5,5,5,5,5,5,5,5,5,5,5,5,5,5,5,5,5,5,5,5
269,2289.24,0.6,0.3,718509.33,460571.46,332,329,0,1,2,4,4,5,5,5,5,5,5,5,5,5,5,5,5,5,5,5,5
270,2288.25,0.6,0.3,718515.11,460575.53,333,330,0,0,0,0,0,0,0,1,1,1,1,2,2,2,4,4,4,5,5,5,5
271,2288.78,0.7,0.3,718518.56,460585.56,335,332,0,0,0,0,0,0,2,2,2,3,3,3,4,4,4,5,5,5,5,5,5
272,2289.14,0.6,0.3,718512.05,460581.33,337,334,0,0,0,0,1,2,2,4,4,5,5,5,5,5,5,5,5,5,5,5,5
273,2292.25,0.8,0.3,718508.73,460588.35,339,336,0,0,0,0,0,0,1,1,1,2,2,2,2,2,3,3,3,4,4,5,5
274,2293.04,0.7,0.3,718499.61,460588.31,341,338,0,0,0,0,0,0,0,0,0,0,0,0,0,0,0,0,0,0,0,0,0
275,2295.83,0.8,0.4,718503.78,460593.04,342,339,0,0,0,0,0,0,0,0,0,0,0,0,0,0,0,0,0,0,0,0,1
276,2297.56,1.0,0.5,718510.31,460594.83,343,340,0,0,0,0,0,0,0,0,0,0,0,0,0,0,0,0,0,0,0,0,0
277,2294.76,1.0,0.5,718519.19,460596.49,345,342,0,0,0,0,0,0,0,0,0,0,0,0,0,0,0,0,0,0,0,0,0
278,2292.47,1.0,0.5,718523.38,460592.15,346,343,0,0,0,0,0,0,0,0,0,0,0,0,0,0,0,0,0,0,2,2,2
279,2291.99,0.6,0.3,718527.96,460595.2,347,344,0,0,0,0,0,0,0,0,0,0,0,0,0,0,0,0,0,0,0,1,1
280,2293.65,0.6,0.4,718531.01,460601.23,348,345,0,0,0,0,0,0,0,0,0,0,0,0,0,0,0,0,0,0,0,1,1
281,2291.98,0.5,0.4,718532.62,460607.74,349,346,0,0,0,0,0,0,0,0,0,0,0,0,0,0,0,0,0,0,3,3,3
282,2291.31,0.6,0.6,718530.66,460616.12,350,347,0,0,0,0,0,0,0,0,0,0,0,0,0,0,0,0,0,0,0,0,1
283,2292.67,0.6,0.3,718530.85,460622.49,351,348,0,0,0,0,0,0,0,0,0,0,0,0,0,0,1,1,1,2,2,2,2
284,2288.88,0.6,0.3,718532.13,460629.84,352,349,0,0,0,0,0,0,0,0,0,0,0,0,1,2,2,4,4,4,5,5,5
285,2290.31,0.6,0.3,718534.54,460636.89,353,350,0,0,0,0,0,0,0,0,0,0,0,0,0,0,1,1,2,2,2,4,4
286,2291.94,0.6,0.3,718532.81,460644.16,354,351,0,0,0,0,0,0,0,0,0,0,0,0,0,0,2,3,3,3,3,3,3
287,2292.07,0.7,0.3,718529.69,460649.39,355,352,0,0,0,0,0,0,0,0,0,0,0,0,0,0,0,0,0,0,0,2,2
288,2296.23,0.7,0.4,718521.98,460649.14,357,354,0,0,0,0,0,0,0,0,0,0,0,0,0,0,0,0,0,0,0,0,0
289,2295.9,0.6,0.3,718526.26,460646.17,358,355,0,0,0,0,0,0,0,0,0,0,0,0,0,0,0,0,0,0,0,0,0
290,2296.47,0.7,0.3,718528.33,460642.07,359,356,0,0,0,0,0,0,0,0,0,0,0,0,0,0,0,0,0,0,0,0,0
291,2295.46,0.7,0.3,718528.9,460635.02,360,357,0,0,0,0,0,0,0,0,0,0,0,0,0,0,0,0,0,0,0,0,0
292,2295.27,0.6,0.4,718527.01,460629.23,361,358,0,0,0,0,0,0,0,0,0,0,0,0,0,0,0,0,0,0,0,0,0
293,2297.11,1.2,0.9,718526.39,460619.59,362,359,0,0,0,0,0,0,0,0,0,0,0,0,0,0,0,0,0,0,0,0,0
294,2295.84,0.7,0.4,718528.46,460611.84,363,360,0,0,0,0,0,0,0,0,0,0,0,0,0,0,0,0,0,0,0,0,0
295,2298.11,0.7,0.3,718525.49,460608.65,364,361,0,0,0,0,0,0,0,0,0,0,0,0,0,0,0,0,0,0,0,0,0
296,2297.88,0.6,0.3,718522.79,460601.51,365,362,0,0,0,0,0,0,0,0,0,0,0,0,0,0,0,1,2,2,2,2,2
297,2299.59,0.5,0.3,718516.71,460600.99,366,363,0,0,0,0,0,0,0,0,0,0,0,0,0,0,0,0,0,0,0,0,0
298,2300.57,0.6,0.3,718520.27,460605.15,368,365,0,0,0,0,0,0,0,0,0,0,0,0,0,0,0,0,0,2,3,3,3
299,2301.14,0.6,0.3,718521.65,460613.73,369,366,0,0,0,0,0,0,0,0,0,0,0,0,0,0,0,0,0,0,0,0,0
300,2302.24,0.6,0.3,718521.1,460621.66,370,367,0,0,0,0,0,0,0,0,0,0,0,0,0,0,0,0,0,0,0,0,0
301,2302.7,0.6,0.4,718519.22,460627.15,371,368,0,0,0,0,0,0,0,0,0,0,0,0,0,0,0,0,0,0,0,0,0
302,2297.82,0.8,0.5,718523.65,460625.22,372,369,0,0,0,0,0,0,0,0,0,0,0,0,0,0,0,0,0,0,0,0,0
303,2300.45,0.7,0.4,718522.27,460635.04,373,370,0,0,0,0,0,0,0,0,0,0,0,0,0,0,0,0,0,0,0,0,0
304,2300.16,0.8,0.4,718523.85,460640.72,374,371,0,0,0,0,0,0,0,0,0,0,0,0,0,0,0,0,0,0,1,1,1
305,2299.38,0.7,0.4,718511.71,460653.52,378,375,0,0,0,0,0,0,0,0,0,0,0,0,0,0,0,0,0,0,0,0,0
306,2299.6,0.6,0.3,718516.22,460648.01,379,376,0,0,0,0,0,0,0,0,0,0,0,0,0,0,0,0,0,0,0,0,0
307,2304.45,0.7,0.4,718518.58,460635.41,381,378,0,0,0,0,0,0,0,0,0,0,0,0,0,0,0,0,2,2,2,3,3
308,2304.86,0.6,0.3,718515.3,460642.11,382,379,0,0,0,0,0,0,0,0,0,0,0,0,0,0,0,0,0,0,0,0,0
309,2304.12,0.6,0.3,718509.92,460647.98,383,380,0,0,0,0,0,0,0,0,0,0,0,0,0,0,0,0,0,0,0,1,0
310,2305.13,0.6,0.3,718506.06,460652.4,384,381,0,0,0,0,0,0,0,0,0,0,0,0,0,0,0,0,0,0,0,0,0
311,2304.53,0.6,0.3,718501.79,460664.85,385,382,0,0,0,0,0,0,0,0,0,0,0,0,0,0,0,0,0,2,2,2,2
312,2299.76,0.6,0.4,718487.56,460585.94,386,383,0,0,0,0,0,0,0,0,0,0,0,0,0,0,0,0,0,0,0,0,0
313,2297.41,0.7,0.4,718488.76,460581.35,387,384,0,0,0,0,0,0,0,0,0,0,0,0,0,0,1,1,1,2,2,2,2
314,2298.31,0.8,0.4,718486.97,460575.67,388,385,0,0,0,0,0,0,0,0,0,0,0,0,0,0,0,0,0,0,0,0,0
315,2294.8,0.6,0.3,718489.03,460570.0,389,386,0,0,0,0,0,0,0,0,0,0,0,0,0,0,0,0,0,0,0,0,0
316,2292.77,0.6,0.3,718486.83,460563.22,390,387,0,0,0,0,0,0,0,0,0,0,0,0,0,0,0,1,1,1,2,2,2
317,2293.41,0.6,0.4,718481.21,460560.21,391,388,0,0,0,0,0,0,0,0,0,0,0,0,0,0,0,0,0,0,0,0,0
318,2296.99,0.7,0.4,718476.79,460562.13,392,389,0,0,0,0,0,0,0,0,0,0,0,0,0,0,0,0,0,0,0,0,0
319,2297.68,0.8,0.5,718483.49,460568.13,393,390,0,0,0,0,0,0,0,0,0,1,1,1,1,1,3,3,3,3,3,3,3
320,2300.15,0.8,0.4,718479.06,460569.56,394,391,0,0,0,0,0,0,0,0,0,1,1,1,1,1,2,3,3,3,3,3,3
321,2304.61,0.6,0.4,718472.28,460573.16,395,392,0,0,0,0,0,0,0,0,0,0,0,0,0,0,0,0,0,0,0,0,0
322,2302.75,0.7,0.4,718479.25,460573.6,396,393,0,0,0,0,0,0,0,0,0,0,0,0,0,0,0,0,0,0,0,0,0
323,2301.99,0.7,0.4,718482.5,460579.44,397,394,0,0,0,0,0,0,0,0,0,0,0,0,0,0,0,0,0,0,0,0,0
324,2306.81,0.6,0.4,718475.9,460576.66,398,395,0,0,0,0,0,0,0,0,0,0,0,0,0,0,1,1,1,1,2,2,2
325,2306.9,0.8,0.5,718479.09,460582.38,399,396,0,0,0,0,0,0,0,0,0,0,0,0,0,0,0,0,0,0,3,3,3
326,2303.83,1.2,0.6,718480.93,460586.3,400,397,0,0,0,0,0,0,0,0,0,0,0,0,0,0,0,0,0,0,0,0,0
327,2302.64,0.7,0.4,718485.34,460591.94,401,398,0,0,0,0,0,0,0,0,0,0,0,0,0,0,0,0,0,0,0,0,0
328,2307.75,0.7,0.6,718481.17,460594.1,402,399,0,0,0,0,0,0,0,0,0,0,0,0,0,0,0,0,0,0,0,0,0
329,2301.32,1.4,0.7,718482.45,460603.76,404,401,0,0,0,0,0,0,0,0,0,0,0,0,0,0,0,0,0,0,0,0,0
330,2305.38,0.8,0.5,718477.56,460607.71,405,402,0,0,0,0,0,0,0,0,0,0,0,0,0,0,0,1,1,2,2,2,2
331,2304.04,0.9,0.5,718476.4,460615.42,406,403,0,0,0,0,0,0,0,0,0,0,0,0,0,0,0,0,0,0,1,1,1
332,2306.33,0.5,0.3,718470.38,460620.69,407,404,0,0,0,0,0,0,0,0,0,0,0,0,0,0,0,0,0,0,2,2,2
333,2309.34,1.0,0.6,718472.32,460613.61,410,407,0,0,0,0,0,0,0,0,0,0,0,0,0,0,0,0,0,0,0,0,0
334,2308.33,0.9,0.6,718475.35,460603.07,411,408,0,0,0,0,0,0,0,0,0,0,0,0,0,0,3,3,5,5,5,5,5
335,2311.49,0.6,0.3,718471.9,460580.77,414,411,0,0,0,0,0,0,0,0,0,0,0,0,0,0,0,0,0,0,0,0,0
336,2313.41,0.8,0.5,718465.44,460581.21,415,412,0,0,0,0,0,0,0,0,0,0,0,0,0,0,0,0,0,0,0,0,0
337,2316.37,0.7,0.4,718461.39,460586.77,416,413,0,0,0,0,0,0,0,0,0,0,0,0,0,0,0,0,0,0,0,0,0
338,2315.18,0.7,0.4,718467.43,460585.99,417,414,0,0,0,0,0,0,0,0,0,0,0,0,0,0,0,0,0,0,0,0,0
339,2315.11,0.7,0.4,718470.73,460590.42,418,415,0,0,0,0,0,0,0,0,0,0,0,0,0,0,0,0,0,0,0,0,0
340,2319.31,0.7,0.4,718466.26,460591.92,419,416,0,0,0,0,0,0,0,0,0,0,0,0,0,0,0,0,0,0,0,0,0
341,2315.33,0.8,0.5,718469.91,460599.17,420,417,0,0,0,0,0,0,0,0,0,0,0,0,0,0,0,0,0,0,0,0,0
342,2312.65,0.7,0.4,718474.15,460597.21,421,418,0,0,0,0,0,0,0,0,0,0,0,0,0,0,0,0,0,0,0,0,0
343,2310.84,0.7,0.5,718468.61,460606.68,422,419,0,0,0,0,0,0,0,0,0,0,0,0,0,0,0,0,0,0,0,0,0
344,2316.94,0.9,0.9,718465.53,460607.2,423,420,0,0,0,0,0,0,0,0,0,0,0,0,0,0,0,0,0,0,0,0,0
345,2316.73,0.7,0.9,718460.63,460614.74,425,422,0,0,0,0,0,0,0,0,0,0,0,0,0,0,0,0,0,0,0,0,0
346,2312.77,0.5,0.4,718457.17,460620.41,426,423,0,0,0,1,2,2,3,5,5,5,5,5,5,5,5,5,5,5,5,5,5
347,2310.64,0.7,0.4,718461.8,460621.69,427,424,0,1,2,2,2,3,3,4,4,4,5,5,5,5,5,5,5,5,5,5,5
348,2309.83,0.8,0.5,718464.96,460627.26,428,425,0,1,3,3,5,5,5,5,5,5,5,5,5,5,5,5,5,5,5,5,5
349,2310.25,0.7,0.5,718460.71,460631.78,429,426,0,0,0,0,0,5,5,5,5,5,5,5,5,5,5,5,5,5,5,5,5
350,2312.1,0.8,0.5,718458.12,460628.44,431,428,0,0,0,0,0,0,0,0,0,0,0,0,0,0,0,0,2,2,3,3,3
351,2314.87,0.6,0.4,718454.3,460634.9,432,429,0,0,0,0,0,1,1,2,2,2,4,4,4,5,5,5,5,5,5,5,5
352,2317.48,1.0,0.6,718450.67,460620.8,435,432,0,1,1,1,2,2,5,5,5,5,5,5,5,5,5,5,5,5,5,5,5
353,2317.96,0.7,0.4,718450.91,460616.21,437,434,0,0,0,0,0,0,0,0,0,0,0,0,0,0,0,0,0,0,0,0,0
354,2320.16,0.7,0.5,718456.28,460609.05,438,435,0,0,0,0,0,0,0,0,0,0,0,0,0,0,0,0,0,0,0,0,0
355,2320.31,0.7,0.4,718462.98,460598.16,439,436,0,0,0,0,0,0,0,0,0,0,0,0,0,0,0,0,0,0,0,0,0
356,2319.82,0.7,0.4,718459.53,460593.93,441,438,0,0,0,0,0,0,0,0,0,0,0,0,0,0,0,0,0,0,0,0,0
357,2321.9,0.5,0.3,718456.96,460599.39,442,439,0,1,3,4,5,5,5,5,5,5,5,5,5,5,5,5,5,5,5,5,5
358,2323.85,0.6,0.4,718452.7,460604.56,444,441,0,1,5,5,5,5,5,5,5,5,5,5,5,5,5,5,5,5,5,5,5
359,2321.8,0.7,0.5,718446.84,460616.81,446,443,0,0,0,0,0,0,0,0,0,0,0,0,0,0,0,0,0,0,0,1,1
360,2323.91,1.3,0.9,718446.95,460628.91,447,444,0,0,0,0,0,0,0,0,0,0,0,0,0,0,0,0,2,2,2,2,3
361,2322.45,0.7,0.5,718445.43,460636.36,448,445,0,1,5,5,5,5,5,5,5,5,5,5,5,5,5,5,5,5,5,5,5
362,2325.67,0.7,0.5,718441.91,460634.34,450,447,0,0,0,0,0,0,0,0,0,0,0,0,0,0,0,0,0,0,0,0,0
363,2327.62,0.7,0.4,718440.47,460628.49,451,448,0,0,0,0,0,0,0,0,0,0,0,0,0,0,0,0,0,0,0,0,0
364,2324.82,1.2,0.8,718443.86,460623.35,452,449,0,0,0,0,0,0,0,0,0,0,0,0,0,0,0,0,0,0,0,0,0
365,2327.11,0.5,0.4,718440.88,460617.06,453,450,0,0,0,0,0,0,0,0,0,0,0,0,0,0,0,0,0,0,0,0,0
366,2325.92,0.6,0.5,718446.22,460607.66,454,451,0,0,0,0,0,0,0,0,0,0,0,0,0,0,0,0,0,0,0,0,0
367,2330.38,0.5,0.4,718439.18,460609.88,455,452,0,0,0,0,0,0,0,0,0,0,0,0,0,0,0,0,0,0,0,0,0
368,2331.26,0.8,0.5,718433.57,460614.68,456,453,0,0,0,0,0,0,0,0,0,0,0,0,0,0,0,0,0,0,0,0,0
369,2330.32,0.7,0.5,718436.03,460624.03,457,454,0,0,0,0,0,0,0,0,0,0,0,0,0,0,0,0,0,0,0,0,0
370,2333.07,0.6,0.4,718435.38,460634.25,458,455,0,0,0,0,0,0,0,0,0,0,0,0,0,0,0,0,0,0,0,0,0
371,2328.15,0.5,0.4,718438.41,460640.73,459,456,0,0,0,0,0,0,0,0,0,0,0,0,0,0,0,0,0,0,0,0,0
372,2329.49,0.6,0.4,718441.45,460647.09,460,457,0,0,0,0,0,0,0,0,0,0,0,0,0,0,0,0,0,0,0,0,0
373,2327.89,0.6,0.4,718448.19,460650.69,461,458,0,0,0,0,0,0,0,0,0,0,0,0,0,0,0,0,0,0,0,0,0
374,2326.76,0.6,0.4,718457.03,460654.9,463,460,0,0,0,0,0,0,0,0,0,0,0,0,0,0,0,0,0,0,0,0,0
375,2325.22,0.7,0.5,718463.94,460661.05,464,461,0,0,0,0,0,0,0,0,0,0,0,0,0,0,0,0,0,0,0,0,0
376,2324.71,0.6,0.4,718470.98,460663.38,465,462,0,0,0,0,0,0,0,0,0,0,0,0,0,0,0,0,0,0,0,0,0
377,2322.19,0.6,0.4,718475.39,460669.47,466,463,0,0,0,0,0,0,0,0,0,0,0,0,0,0,0,0,0,0,0,0,0
378,2321.55,0.6,0.4,718477.83,460675.39,467,464,0,0,0,0,0,0,0,0,0,0,0,0,0,0,0,0,0,0,0,0,0
379,2320.06,0.5,0.3,718482.58,460682.72,468,465,0,0,0,0,0,0,0,1,4,4,4,5,5,5,5,5,5,5,5,5,5
380,2318.99,0.6,0.4,718487.04,460686.37,469,466,0,0,0,0,0,0,0,0,0,0,0,0,0,0,0,0,0,0,0,0,0
381,2318.25,0.6,0.4,718491.45,460693.38,470,467,0,0,0,0,0,0,0,0,0,0,0,0,0,0,0,0,0,0,0,0,0
382,2317.76,0.6,0.4,718492.88,460700.32,471,468,0,0,0,0,0,0,0,0,0,0,0,0,0,0,0,0,0,0,0,0,0
383,2315.85,0.5,0.3,718494.36,460706.58,472,469,0,0,0,0,0,0,0,0,0,0,0,0,0,0,0,0,0,0,0,0,0
384,2314.17,0.5,0.3,718494.96,460713.58,473,470,0,0,0,0,0,0,0,0,0,0,0,0,0,0,0,0,0,0,0,0,0
385,2312.7,0.6,0.4,718496.16,460718.91,474,471,0,0,0,0,0,0,0,0,0,0,0,0,0,0,3,3,3,3,3,3,3
386,2311.11,0.6,0.4,718500.28,460730.55,475,472,0,0,0,0,0,1,1,1,1,1,1,3,3,3,4,4,4,4,4,4,4
387,2311.19,0.6,0.4,718502.29,460724.41,476,473,0,0,0,0,0,2,2,2,2,2,2,2,2,2,4,4,4,4,4,4,4
388,2310.6,0.4,0.3,718508.33,460718.66,478,475,0,1,2,3,4,5,5,5,5,5,5,5,5,5,5,5,5,5,5,5,5
389,2311.69,0.5,0.3,718509.07,460712.33,479,476,0,0,0,0,0,0,0,0,0,0,0,0,0,0,0,0,0,0,0,0,0
390,2314.96,1.0,0.6,718506.21,460706.28,480,477,0,0,0,0,0,0,0,0,0,0,0,0,0,0,0,0,0,0,0,0,0
391,2312.07,0.5,0.3,718502.08,460711.77,481,478,0,0,0,0,0,0,0,0,0,0,0,0,0,0,0,0,0,0,0,0,0
392,2314.12,0.5,0.4,718502.07,460703.99,482,479,0,0,0,0,0,0,0,0,0,0,0,0,0,0,0,0,0,0,0,0,0
393,2312.86,0.7,0.5,718507.38,460696.89,484,481,0,0,0,0,0,0,0,0,0,0,0,0,0,0,0,0,0,2,3,3,3
394,2311.1,0.5,0.3,718512.11,460692.59,485,482,0,0,1,2,2,3,3,4,5,5,5,5,5,5,5,5,5,5,5,5,5
395,2310.56,0.5,0.4,718511.27,460685.17,486,483,0,1,3,4,5,5,5,5,5,5,5,5,5,5,5,5,5,5,5,5,5
396,2310.46,0.6,0.4,718507.19,460680.24,487,484,0,2,4,4,4,5,5,5,5,5,5,5,5,5,5,5,5,5,5,5,5
397,2309.16,0.5,0.4,718502.54,460677.71,488,485,0,3,5,5,5,5,5,5,5,5,5,5,5,5,5,5,5,5,5,5,5
398,2307.69,0.9,0.6,718496.18,460671.7,489,486,0,5,5,5,5,5,5,5,5,5,5,5,5,5,5,5,5,5,5,5,5
399,2309.26,0.6,0.5,718492.62,460663.86,490,487,0,0,0,0,0,0,0,0,0,0,0,0,0,0,0,0,0,0,0,0,0
400,2308.18,0.6,0.6,718494.22,460659.24,491,488,0,2,2,3,4,5,5,5,5,5,5,5,5,5,5,5,5,5,5,5,5
401,2308.91,1.3,0.9,718500.07,460647.8,492,489,0,3,4,5,5,5,5,5,5,5,5,5,5,5,5,5,5,5,5,5,5
402,2311.59,0.5,0.3,718503.01,460640.71,493,490,0,4,5,5,5,5,5,5,5,5,5,5,5,5,5,5,5,5,5,5,5
403,2311.0,0.6,0.4,718507.32,460635.52,494,491,0,5,5,5,5,5,5,5,5,5,5,5,5,5,5,5,5,5,5,5,5
404,2313.05,0.5,0.3,718501.35,460634.39,495,492,0,0,0,0,0,0,0,0,0,0,0,0,0,0,0,0,0,0,0,0,0
405,2312.61,0.5,0.3,718497.65,460642.35,496,493,0,1,2,2,2,4,4,4,5,5,5,5,5,5,5,5,5,5,5,5,5
406,2312.37,0.5,0.4,718493.79,460646.81,497,494,0,0,0,0,0,0,0,0,0,0,0,0,0,0,0,0,0,0,0,0,0
407,2311.32,0.6,0.4,718490.27,460656.13,498,495,0,0,0,0,0,0,0,0,0,0,0,0,0,0,0,0,0,0,0,0,0
408,2313.92,0.5,0.4,718486.99,460651.2,499,496,0,0,0,0,0,0,0,0,0,0,0,0,0,0,0,0,0,3,4,5,5
409,2315.75,0.5,0.4,718483.55,460656.78,501,498,0,0,0,0,0,0,0,0,0,0,0,0,0,0,0,0,0,1,1,2,2
410,2314.63,0.6,0.5,718485.95,460661.77,502,499,0,0,0,0,0,0,0,0,0,0,0,0,0,0,0,0,0,0,0,0,0
411,2315.47,0.6,0.5,718484.48,460670.49,503,500,0,0,0,0,0,0,0,0,0,0,0,0,0,0,0,0,0,0,0,0,0
412,2311.96,0.7,0.6,718489.2,460668.89,504,501,0,0,0,0,0,0,0,0,0,0,0,0,0,0,0,0,0,0,0,0,0
413,2311.3,0.7,0.5,718492.42,460675.31,505,502,0,0,0,0,0,0,0,0,0,0,0,0,0,0,0,0,0,0,0,0,0
414,2313.71,1.0,0.8,718497.06,460680.08,506,503,0,0,0,0,0,0,0,0,0,0,0,0,0,0,0,0,0,0,0,0,0
415,2314.33,0.6,0.4,718502.04,460685.97,507,504,0,0,0,0,0,0,0,0,0,0,0,0,0,0,0,0,0,0,0,0,0
416,2315.64,0.7,0.4,718500.3,460697.37,508,505,0,0,0,0,0,0,0,0,0,0,0,0,0,0,0,0,0,0,0,0,0
417,2315.76,0.7,0.5,718499.17,460691.35,510,507,0,0,0,0,0,0,0,0,0,0,0,0,0,0,0,0,0,0,0,0,0
418,2315.61,0.6,0.5,718494.56,460687.68,511,508,0,0,0,0,0,0,0,0,0,0,0,0,0,0,0,0,0,0,0,0,0
419,2316.09,0.6,0.4,718487.2,460678.83,512,509,0,0,0,0,0,0,0,0,0,0,0,0,0,0,0,0,0,0,0,0,0
420,2318.71,0.5,0.3,718479.93,460668.76,514,511,0,0,0,0,0,0,0,0,0,0,0,0,0,0,0,0,0,0,0,0,0
421,2318.92,0.6,0.4,718478.51,460660.51,515,512,0,0,0,0,0,0,0,0,0,0,0,0,0,0,0,0,0,0,0,0,0
422,2319.11,0.7,0.4,718472.8,460657.26,516,513,0,0,0,0,0,0,0,0,0,0,0,0,0,0,0,0,0,0,0,0,0
423,2320.06,0.7,0.6,718465.72,460653.9,517,514,0,0,0,0,0,0,0,0,0,0,1,1,1,1,2,2,2,5,5,5,5
424,2322.58,0.5,0.4,718459.02,460648.06,518,515,0,0,0,0,0,0,0,0,0,0,0,0,0,0,0,0,0,1,1,1,2
425,2321.43,0.5,0.4,718451.08,460644.1,519,516,0,0,0,0,0,0,0,0,0,0,0,0,0,0,0,0,0,2,2,2,2
426,2317.67,0.5,0.3,718459.74,460641.63,521,518,0,0,0,0,0,0,0,0,0,0,0,0,0,0,0,0,0,3,4,4,4
427,2317.28,0.5,0.3,718468.93,460650.23,523,520,0,0,0,0,0,0,0,0,0,0,0,0,0,0,0,0,0,1,2,2,2
428,2316.09,0.6,0.5,718477.7,460652.73,524,521,0,0,0,0,0,0,0,0,0,0,0,0,0,0,1,2,3,5,5,5,5
429,2313.98,0.5,0.4,718488.77,460641.51,526,523,0,0,0,0,0,0,0,0,0,0,0,0,0,0,1,2,2,4,5,5,5
430,2313.05,0.6,0.4,718481.69,460645.61,527,524,0,0,0,0,0,0,0,0,0,0,0,0,0,0,2,3,3,5,5,5,5
431,2312.3,0.6,0.4,718476.11,460644.48,528,525,0,0,0,0,0,0,0,0,0,0,0,0,0,0,0,1,2,4,4,5,5
432,2313.84,0.6,0.5,718469.4,460640.49,529,526,0,0,0,0,0,0,0,0,0,0,0,0,0,0,0,0,0,1,1,1,2
433,2313.89,1.0,0.6,718462.36,460636.49,530,527,0,0,0,0,0,0,0,0,0,0,0,0,0,0,0,0,0,1,1,1,1
434,2310.77,0.6,0.4,718465.86,460632.88,531,528,0,0,0,0,0,0,0,0,0,0,0,0,0,0,1,2,3,5,5,5,5
435,2308.37,0.5,0.4,718475.09,460634.01,533,530,0,0,0,0,0,0,0,0,0,0,0,0,0,0,2,3,5,5,5,5,5
436,2309.91,0.5,0.4,718479.2,460638.92,534,531,0,0,0,0,0,0,0,0,0,0,0,0,0,0,1,1,1,4,5,5,5
437,2310.35,0.5,0.4,718487.87,460634.52,535,532,0,0,0,0,0,0,0,0,0,0,0,0,0,0,2,2,2,2,2,2,2
438,2313.24,0.5,0.4,718493.55,460636.81,536,533,0,0,0,0,0,0,0,0,0,0,0,0,0,0,0,0,0,1,1,1,1
439,2310.35,0.5,0.4,718508.95,460629.92,539,536,0,0,0,0,0,0,0,0,0,0,0,0,0,0,0,0,2,2,4,5,5
440,2306.06,0.5,0.4,718513.88,460621.3,541,538,0,0,0,0,0,0,0,0,0,0,0,0,0,0,0,0,0,0,0,0,0
441,2303.92,0.5,0.4,718514.69,460615.56,542,539,0,1,2,3,3,5,5,5,5,5,5,5,5,5,5,5,5,5,5,5,5
442,2304.3,0.5,0.4,718511.02,460610.07,543,540,0,0,0,0,0,0,0,0,0,0,0,0,0,0,0,0,0,0,1,1,1
443,2302.89,0.6,0.4,718507.64,460605.45,544,541,0,0,0,0,0,0,0,0,0,0,0,0,0,0,0,0,0,0,0,0,0
444,2299.63,0.6,0.4,718500.66,460604.46,545,542,0,0,0,1,2,5,5,5,5,5,5,5,5,5,5,5,5,5,5,5,5
445,2298.35,0.5,0.4,718494.05,460605.37,547,544,0,1,1,2,3,5,5,5,5,5,5,5,5,5,5,5,5,5,5,5,5
446,2299.3,0.5,0.4,718489.69,460610.29,548,545,0,1,1,4,5,5,5,5,5,5,5,5,5,5,5,5,5,5,5,5,5
447,2300.1,0.6,0.5,718485.75,460612.55,549,546,0,1,2,4,5,5,5,5,5,5,5,5,5,5,5,5,5,5,5,5,5
448,2302.93,0.5,0.4,718488.3,460618.87,551,548,0,0,0,0,0,0,0,0,0,0,0,0,0,0,0,0,0,0,0,0,0
449,2303.08,0.6,0.4,718482.36,460619.7,552,549,0,1,3,5,5,5,5,5,5,5,5,5,5,5,5,5,5,5,5,5,5
450,2305.42,0.5,0.4,718476.16,460620.6,553,550,0,1,2,4,5,5,5,5,5,5,5,5,5,5,5,5,5,5,5,5,5
451,2306.24,0.6,0.4,718474.37,460625.19,555,552,0,1,1,3,4,5,5,5,5,5,5,5,5,5,5,5,5,5,5,5,5
452,2307.75,0.5,0.4,718478.67,460630.38,558,555,0,1,1,3,5,5,5,5,5,5,5,5,5,5,5,5,5,5,5,5,5
453,2305.43,0.5,0.4,718481.82,460626.12,560,557,0,1,5,5,5,5,5,5,5,5,5,5,5,5,5,5,5,5,5,5,5
454,2304.7,0.5,0.4,718495.72,460617.71,563,560,0,0,0,0,0,0,0,0,0,0,0,0,0,0,0,0,0,0,0,0,0
455,2302.45,0.5,0.4,718497.42,460611.85,564,561,0,0,0,0,0,0,0,0,0,0,0,0,0,0,0,0,0,0,0,0,0
456,2304.91,0.5,0.4,718504.3,460610.79,565,562,0,0,0,0,0,0,0,0,0,0,0,0,0,0,1,1,4,4,4,5,5
457,2306.22,0.4,0.4,718501.05,460617.95,566,563,0,0,0,0,0,0,0,0,0,0,0,0,0,0,0,0,0,0,0,0,0
458,2307.69,0.5,0.4,718494.7,460622.17,567,564,0,0,0,0,0,0,0,0,0,0,0,0,0,0,0,0,0,0,0,0,0
459,2309.12,0.9,0.8,718490.99,460627.71,568,565,0,0,0,0,0,0,0,0,0,0,0,0,0,0,0,0,0,1,1,1,1
460,2310.92,0.5,0.4,718484.95,460639.08,570,567,0,1,5,5,5,5,5,5,5,5,5,5,5,5,5,5,5,5,5,5,5
461,2311.69,0.5,0.4,718496.16,460629.39,573,570,0,1,5,5,5,5,5,5,5,5,5,5,5,5,5,5,5,5,5,5,5
462,2309.83,0.5,0.4,718498.91,460624.21,574,571,0,1,5,5,5,5,5,5,5,5,5,5,5,5,5,5,5,5,5,5,5
463,2309.05,0.6,0.4,718506.74,460621.95,575,572,0,1,5,5,5,5,5,5,5,5,5,5,5,5,5,5,5,5,5,5,5
464,2311.47,0.6,0.5,718504.44,460627.59,576,573,0,1,5,5,5,5,5,5,5,5,5,5,5,5,5,5,5,5,5,5,5
465,2332.01,0.6,0.6,718422.94,460613.1,578,575,0,1,5,5,5,5,5,5,5,5,5,5,5,5,5,5,5,5,5,5,5
466,2332.73,0.6,0.5,718414.46,460609.71,579,576,0,1,5,5,5,5,5,5,5,5,5,5,5,5,5,5,5,5,5,5,5
467,2330.88,0.4,0.4,718408.67,460608.1,580,577,0,1,5,5,5,5,5,5,5,5,5,5,5,5,5,5,5,5,5,5,5
468,2332.23,0.6,0.5,718400.83,460604.32,581,578,0,1,5,5,5,5,5,5,5,5,5,5,5,5,5,5,5,5,5,5,5
469,2334.15,1.8,1.5,718397.08,460600.31,582,579,0,0,0,0,0,0,0,0,0,0,0,0,0,0,0,0,0,0,0,0,0
470,2331.56,0.5,0.4,718401.1,460595.21,583,580,0,0,0,0,0,0,0,0,0,0,0,0,0,0,0,0,0,0,0,0,0
471,2326.64,0.5,0.5,718405.26,460589.54,584,581,0,0,0,0,0,0,0,0,0,0,0,0,0,0,0,0,0,0,0,0,0
472,2327.25,0.5,0.4,718405.22,460599.63,585,582,0,0,0,0,0,0,0,0,0,0,0,0,0,0,0,0,0,0,0,0,0
473,2325.98,0.6,0.5,718411.25,460603.53,586,583,0,0,0,0,0,0,0,0,0,0,0,0,0,0,0,0,0,0,0,0,0
474,2327.06,0.5,0.5,718418.13,460604.22,587,584,0,0,0,0,0,0,0,0,0,0,0,0,0,0,0,0,0,0,0,0,0
475,2326.92,0.7,0.6,718424.14,460605.6,588,585,0,0,0,0,0,0,0,0,0,0,0,0,0,0,0,0,0,0,0,0,0
476,2328.93,0.4,0.4,718431.47,460606.09,589,586,0,0,0,0,0,0,0,0,0,0,0,0,0,0,0,0,0,0,0,0,0
477,2324.71,0.5,0.4,718444.36,460601.62,591,588,0,0,0,0,0,0,0,0,0,0,0,0,0,0,0,0,0,0,0,0,0
478,2326.1,0.6,0.6,718436.66,460599.77,592,589,0,0,0,0,0,0,0,0,0,0,0,0,0,0,0,0,0,1,2,3,3
479,2326.49,0.5,0.5,718429.01,460602.96,593,590,0,0,0,0,0,0,0,0,0,0,0,0,0,0,0,0,0,0,0,0,0
480,2322.59,0.5,0.5,718429.21,460598.51,594,591,0,0,0,0,0,0,0,0,0,0,0,0,0,0,0,0,0,0,0,0,0
481,2323.08,0.5,0.5,718422.89,460601.52,595,592,0,0,0,0,0,0,0,0,0,0,0,0,0,0,0,0,0,0,0,0,0
482,2321.75,0.5,0.5,718415.19,460599.74,596,593,0,0,0,0,0,0,0,0,0,0,0,0,0,0,0,0,0,0,0,0,0
483,2320.87,1.0,0.8,718410.51,460595.61,597,594,0,0,0,0,0,0,0,0,0,0,0,0,0,0,0,0,0,0,0,0,0
484,2322.67,0.6,0.5,718411.76,460590.17,598,595,0,0,0,0,0,0,0,0,0,0,0,0,0,0,0,0,0,0,0,0,0
485,2323.42,1.4,1.3,718409.96,460585.27,600,597,0,0,0,0,0,0,0,0,0,0,0,0,0,0,0,0,0,0,0,0,0
486,2320.46,0.6,0.5,718414.8,460583.04,601,598,0,0,0,0,0,0,0,0,0,0,0,0,0,0,0,0,0,0,0,0,0
487,2315.47,0.8,0.5,718416.7,460592.79,602,599,0,0,0,0,0,0,0,0,0,0,0,0,0,0,0,0,0,0,0,0,0
488,2319.13,0.5,0.5,718423.71,460596.04,603,600,0,0,0,0,0,0,0,0,0,0,0,0,0,0,0,0,0,1,4,5,5
489,2317.27,0.6,0.5,718429.35,460592.18,604,601,0,0,0,0,0,0,0,0,0,0,0,0,0,0,0,0,0,0,0,0,0
490,2320.42,0.4,0.4,718435.55,460593.14,605,602,0,0,0,0,0,0,0,0,0,0,0,0,0,0,0,0,0,0,0,0,0
491,2320.85,0.6,0.5,718441.89,460596.35,606,603,0,0,0,0,0,0,0,0,0,0,0,0,0,0,0,0,0,0,0,0,0
492,2320.71,0.6,0.6,718451.41,460597.17,609,606,0,0,0,0,0,0,0,0,0,0,0,0,0,0,1,1,2,2,5,5,5
493,2319.22,0.5,0.5,718443.5,460590.7,610,607,0,0,0,0,0,0,0,0,0,0,0,0,0,0,0,0,0,0,0,0,0
494,2316.49,0.5,0.5,718423.05,460590.88,612,609,0,0,0,0,0,0,0,0,0,0,0,0,0,0,0,0,0,0,0,0,0
495,2318.16,0.7,0.7,718419.97,460583.49,613,610,0,0,0,0,0,0,0,0,0,0,0,0,0,0,0,0,0,0,0,0,0
496,2318.85,0.6,0.5,718415.75,460577.86,614,611,0,0,0,0,0,0,0,0,0,0,0,0,0,0,0,0,0,0,0,0,0
497,2315.29,0.4,0.4,718419.06,460574.34,615,612,0,0,0,0,0,0,0,0,0,0,0,0,0,0,0,0,0,0,0,0,0
498,2313.4,0.6,0.5,718424.18,460577.56,616,613,0,0,0,0,0,0,0,0,0,0,0,0,0,0,0,0,0,0,0,0,0
499,2313.15,0.6,0.5,718428.43,460584.66,617,614,0,0,0,0,0,0,0,0,0,0,0,0,0,0,0,0,0,0,0,0,0
500,2312.96,0.5,0.5,718436.66,460583.67,618,615,0,0,0,0,0,0,0,0,0,0,0,0,0,0,0,0,0,0,0,0,0
501,2315.65,0.7,0.6,718442.96,460585.02,619,616,0,0,0,0,0,0,0,0,0,0,0,0,0,0,0,0,0,0,0,0,0
502,2314.45,0.6,0.5,718455.64,460585.82,620,617,0,0,0,0,0,0,0,0,0,0,0,0,0,0,0,0,0,0,0,0,0
503,2316.8,0.6,0.5,718452.9,460590.72,621,618,0,0,0,0,0,0,0,0,0,0,0,0,0,0,0,0,0,0,0,0,0
504,2309.54,0.5,0.4,718466.44,460576.16,626,623,0,0,0,0,0,0,0,0,0,0,0,0,0,0,0,0,0,0,0,0,0
505,2307.47,0.4,0.4,718458.9,460574.58,627,624,0,0,0,0,0,0,0,0,0,0,0,0,0,0,0,0,0,0,0,0,0
506,2307.83,0.6,0.5,718454.18,460576.35,628,625,0,0,0,0,0,0,0,0,0,0,0,0,0,0,0,0,0,0,0,0,0
507,2305.86,0.6,0.6,718446.09,460574.37,629,626,0,0,0,0,0,0,0,0,0,0,0,0,0,0,0,0,0,0,0,0,0
508,2309.97,0.6,0.5,718445.02,460578.76,630,627,0,0,0,0,0,0,0,0,0,0,0,0,0,0,0,0,0,0,0,0,0
509,2309.23,0.6,0.6,718437.82,460575.93,631,628,0,0,0,0,0,0,0,0,0,0,0,0,0,0,0,0,0,0,0,0,0
510,2310.7,0.6,0.5,718429.57,460576.86,632,629,0,0,0,0,0,0,0,0,0,0,0,0,0,0,0,0,0,0,0,0,0
511,2311.87,0.5,0.4,718426.87,460570.24,633,630,0,0,0,0,0,0,0,0,0,0,0,0,0,0,0,0,0,0,0,0,0
512,2309.3,0.5,0.5,718428.74,460565.71,634,631,0,1,3,5,5,5,5,5,5,5,5,5,5,5,5,5,5,5,5,5,5
513,2304.41,0.7,0.6,718429.46,460559.67,635,632,0,1,2,4,4,5,5,5,5,5,5,5,5,5,5,5,5,5,5,5,5
514,2307.03,0.8,0.7,718434.21,460567.49,637,634,0,1,2,4,4,5,5,5,5,5,5,5,5,5,5,5,5,5,5,5,5
515,2305.81,0.6,0.5,718440.18,460571.76,638,635,0,0,0,0,0,0,0,0,0,0,0,0,0,0,0,0,0,0,0,0,0
516,2304.74,0.6,0.6,718455.43,460569.91,640,637,0,0,0,0,0,0,0,0,0,0,0,0,0,0,0,0,0,0,0,0,0
517,2307.15,0.6,0.5,718468.97,460571.01,641,638,0,0,0,0,0,0,0,0,0,0,0,0,0,0,0,0,0,0,0,0,0
518,2301.92,0.6,0.6,718469.46,460565.57,642,639,0,1,2,5,5,5,5,5,5,5,5,5,5,5,5,5,5,5,5,5,5
519,2302.16,0.8,0.7,718463.29,460561.34,643,640,0,1,2,4,5,5,5,5,5,5,5,5,5,5,5,5,5,5,5,5,5
520,2301.88,0.6,0.6,718456.67,460563.82,644,641,0,5,5,5,5,5,5,5,5,5,5,5,5,5,5,5,5,5,5,5,5
521,2302.74,0.7,0.6,718450.13,460568.35,645,642,0,5,5,5,5,5,5,5,5,5,5,5,5,5,5,5,5,5,5,5,5
522,2302.39,1.2,1.0,718444.03,460566.77,646,643,0,4,5,5,5,5,5,5,5,5,5,5,5,5,5,5,5,5,5,5,5
523,2302.99,0.8,0.7,718438.86,460562.88,648,645,0,4,5,5,5,5,5,5,5,5,5,5,5,5,5,5,5,5,5,5,5
524,2303.93,0.6,0.5,718436.67,460556.55,649,646,0,4,5,5,5,5,5,5,5,5,5,5,5,5,5,5,5,5,5,5,5
525,2300.94,0.6,0.5,718449.06,460561.19,651,648,0,1,1,4,4,5,5,5,5,5,5,5,5,5,5,5,5,5,5,5,5
526,2300.41,0.6,0.5,718447.63,460554.21,653,650,0,1,2,3,3,5,5,5,5,5,5,5,5,5,5,5,5,5,5,5,5
527,2301.74,0.6,0.5,718441.69,460548.95,655,652,0,1,2,3,3,5,5,5,5,5,5,5,5,5,5,5,5,5,5,5,5
528,2298.62,0.6,0.4,718453.44,460551.44,657,654,0,3,4,5,5,5,5,5,5,5,5,5,5,5,5,5,5,5,5,5,5
529,2298.54,0.6,0.5,718455.98,460557.48,659,656,0,3,3,3,3,5,5,5,5,5,5,5,5,5,5,5,5,5,5,5,5
530,2296.97,0.6,0.5,718462.35,460554.56,660,657,0,2,2,2,3,5,5,5,5,5,5,5,5,5,5,5,5,5,5,5,5
531,2298.1,0.6,0.5,718470.35,460559.23,662,659,0,0,0,0,0,0,0,0,0,0,0,0,0,0,0,0,0,0,0,0,0
532,2295.37,0.6,0.4,718471.59,460553.91,663,660,0,0,0,0,0,0,0,0,0,0,0,0,0,0,0,0,0,0,0,0,0
533,2294.23,0.6,0.4,718476.67,460553.27,664,661,0,2,2,5,5,5,5,5,5,5,5,5,5,5,5,5,5,5,5,5,5
534,2293.57,0.5,0.4,718483.75,460554.84,666,663,0,2,2,5,5,5,5,5,5,5,5,5,5,5,5,5,5,5,5,5,5
535,2293.2,0.6,0.5,718490.71,460556.33,667,664,0,3,3,5,5,5,5,5,5,5,5,5,5,5,5,5,5,5,5,5,5
536,2292.33,0.7,0.6,718486.39,460551.22,668,665,0,0,0,0,0,0,0,0,0,0,0,0,0,0,0,0,0,0,0,0,0
537,2293.58,0.6,0.5,718472.61,460546.66,669,666,0,1,2,2,2,4,5,5,5,5,5,5,5,5,5,5,5,5,5,5,5
538,2294.86,0.6,0.5,718467.01,460549.19,670,667,0,1,2,2,2,4,5,5,5,5,5,5,5,5,5,5,5,5,5,5,5
539,2295.86,0.6,0.5,718459.07,460551.44,671,668,0,1,2,2,2,4,5,5,5,5,5,5,5,5,5,5,5,5,5,5,5
540,2340.8,8.2,5.8,718394.32,460595.91,674,671,0,0,0,0,0,0,0,0,0,0,0,0,0,0,0,0,0,0,0,0,0
541,2342.19,8.6,5.9,718388.34,460590.64,675,672,0,0,0,0,0,0,0,0,0,0,0,0,0,0,0,0,0,0,0,0,0
542,2342.16,8.8,6.5,718385.25,460587.02,676,673,0,0,0,0,0,0,0,0,0,0,0,0,0,0,0,0,0,0,0,0,0
543,2341.82,9.0,6.0,718378.93,460583.53,677,674,0,0,0,0,0,0,0,0,0,0,0,0,0,0,0,0,0,0,0,0,0
544,2340.57,13.6,6.2,718383.35,460577.03,678,675,0,0,0,0,0,0,0,0,0,0,0,0,0,0,0,0,0,0,0,0,0
545,2339.57,13.7,6.2,718386.41,460581.03,679,676,0,0,0,0,0,0,0,0,0,0,0,0,0,0,0,0,0,0,0,0,0
546,2337.23,13.9,6.2,718391.63,460586.34,680,677,0,0,0,0,0,0,0,0,0,0,0,0,0,0,0,0,0,0,0,0,0
547,2335.64,14.3,6.3,718397.42,460591.09,681,678,0,0,0,0,0,0,0,0,0,0,0,0,0,0,0,0,0,0,0,0,0
548,2331.95,9.9,5.9,718401.23,460585.97,682,679,0,0,0,0,0,0,0,0,0,0,0,0,0,0,0,0,0,0,0,0,0
549,2329.84,15.1,6.3,718395.78,460582.78,683,680,0,0,0,0,0,0,0,0,0,0,0,0,0,0,0,0,0,0,0,0,0
550,2337.14,15.2,6.3,718391.61,460578.47,684,681,0,0,0,0,0,0,0,0,0,0,0,0,0,0,0,0,0,0,0,0,0
551,2336.27,15.4,6.3,718385.76,460572.33,685,682,0,0,0,0,0,0,0,0,0,0,0,0,0,0,0,0,0,0,0,0,0
552,2331.23,10.1,5.9,718383.81,460563.2,687,684,0,0,0,0,0,0,0,0,0,0,0,0,0,0,0,0,0,0,0,0,0
553,2334.1,10.1,5.9,718388.62,460567.28,688,685,0,0,0,0,0,0,0,0,0,0,0,0,0,0,0,0,0,0,0,0,0
554,2330.97,15.8,6.4,718391.32,460573.54,689,686,0,0,0,0,0,0,0,0,0,0,0,0,0,0,0,0,0,0,0,0,0
555,2327.75,15.9,6.4,718396.31,460578.08,690,687,0,0,0,0,0,0,0,0,0,0,0,0,0,0,0,0,0,0,0,0,0
556,2327.31,10.2,5.9,718401.62,460582.52,691,688,0,0,0,0,0,0,0,0,0,0,0,0,0,0,0,0,0,0,1,4,5
557,2328.61,10.3,5.9,718409.06,460583.21,692,689,0,0,0,0,0,0,0,0,0,0,0,0,0,0,0,0,0,0,1,4,5
558,2325.69,10.5,6.0,718411.88,460579.49,694,691,0,0,0,0,0,0,0,0,0,0,0,0,0,0,0,0,0,0,0,0,0
559,2325.45,10.4,6.0,718404.65,460576.57,695,692,0,0,0,0,0,0,0,0,0,0,0,0,0,0,0,0,0,0,0,0,0
560,2323.23,16.1,6.4,718398.64,460572.81,696,693,0,0,0,0,0,0,0,0,0,0,0,0,0,0,0,0,0,0,0,0,0
561,2328.38,11.1,6.3,718392.27,460562.75,698,695,0,0,0,0,0,0,0,0,0,0,0,0,0,0,0,0,0,0,0,0,0
562,2328.72,10.6,6.0,718390.85,460556.59,699,696,0,0,0,0,0,0,0,0,0,0,0,0,0,0,0,0,0,0,0,0,0
563,2329.85,11.3,6.2,718384.46,460556.29,700,697,0,0,0,0,0,0,0,0,0,0,0,0,0,0,0,0,0,3,4,5,5
564,2327.27,11.4,6.2,718387.7,460550.25,701,698,0,0,0,0,0,0,0,0,0,0,0,0,0,0,0,0,0,4,5,5,5
565,2322.12,15.6,6.8,718395.17,460555.84,702,699,0,0,0,0,0,0,0,0,0,0,0,0,0,0,0,0,0,1,1,2,2
566,2322.73,15.6,6.8,718397.52,460562.15,703,700,0,0,0,0,0,0,0,0,0,0,0,0,0,0,0,0,0,0,0,0,0
567,2316.26,15.4,6.3,718398.67,460566.36,704,701,0,0,0,0,0,0,0,0,0,0,0,0,0,0,0,0,0,2,4,5,5
568,2317.62,15.5,6.8,718404.59,460571.76,705,702,0,0,0,0,0,0,0,0,0,0,0,0,0,0,0,0,0,0,0,0,0
569,2320.14,12.5,6.4,718415.82,460567.48,709,706,0,0,0,0,0,0,0,0,0,0,0,0,0,0,0,0,0,4,5,5,5
570,2308.86,14.4,6.3,718407.36,460567.8,710,707,0,0,0,0,0,0,0,0,0,0,0,0,0,0,2,3,4,5,5,5,5
571,2311.15,14.2,6.2,718404.01,460563.05,711,708,0,0,0,0,0,0,0,0,0,0,0,0,0,0,0,0,0,0,0,0,0
572,2321.45,10.9,6.0,718401.74,460557.02,712,709,0,0,0,0,0,0,0,0,0,0,0,0,0,0,0,0,0,0,0,0,0
573,2325.16,11.6,6.2,718399.16,460551.45,713,710,0,0,0,0,0,0,0,0,0,0,0,0,0,0,0,0,0,0,0,0,0
574,2326.83,14.4,6.7,718398.16,460543.5,715,712,0,0,0,0,0,0,0,0,0,0,0,0,0,0,0,0,0,0,0,0,0
575,2324.0,11.6,6.3,718391.94,460546.0,716,713,0,0,0,0,0,0,0,0,0,0,0,0,0,0,0,0,0,0,0,0,0
576,2314.08,13.0,6.1,718394.42,460544.79,717,714,0,0,0,0,0,0,0,0,0,0,0,0,0,0,0,0,0,0,0,0,0
577,2317.02,15.0,7.0,718403.59,460544.78,718,715,0,0,0,0,0,0,0,0,0,0,0,0,0,0,0,0,0,0,0,0,0
578,2316.37,15.0,7.1,718409.19,460554.32,720,717,0,0,0,0,0,0,0,0,0,0,0,0,0,0,0,0,0,0,0,0,0
579,2306.74,12.6,6.1,718408.85,460560.77,721,718,0,0,0,0,0,0,0,0,0,0,0,0,0,0,0,0,0,0,0,0,0
580,2307.96,14.3,6.5,718415.85,460561.98,722,719,0,0,0,0,0,0,0,0,0,0,0,0,0,0,0,0,0,0,0,0,0
581,2307.61,12.5,6.2,718420.69,460566.61,723,720,0,0,0,0,0,0,0,0,0,0,0,0,0,0,0,0,0,0,0,0,0
582,2311.06,13.0,6.5,718425.24,460557.51,724,721,0,0,0,0,0,0,0,0,0,0,0,0,0,0,2,2,4,5,5,5,5
583,2304.79,10.7,6.0,718420.16,460555.51,725,722,0,0,0,0,0,0,0,0,0,0,0,0,0,0,1,3,3,3,5,5,5
584,2307.27,11.4,6.0,718413.1,460555.97,726,723,0,0,0,0,0,0,0,0,0,0,0,0,0,0,0,0,0,0,0,0,0
585,2311.49,13.3,6.5,718410.97,460546.09,727,724,0,0,0,0,0,0,0,0,0,0,0,0,0,0,0,0,0,0,0,0,0
586,2308.93,11.8,6.1,718409.47,460542.22,728,725,0,0,0,0,0,0,0,0,0,0,0,0,0,0,0,0,0,0,0,0,0
587,2313.32,13.3,6.7,718407.03,460541.96,729,726,0,0,0,0,0,0,0,0,0,0,0,0,0,0,0,0,0,0,0,0,0
588,2313.66,11.5,6.6,718397.91,460534.65,730,727,0,0,0,0,0,0,0,0,0,0,0,0,0,0,0,0,0,0,0,0,0
589,2310.53,10.4,6.0,718394.79,460532.13,732,729,0,0,0,0,0,0,0,0,0,0,0,0,0,0,0,0,0,1,1,1,1
590,2307.49,10.3,5.9,718398.14,460527.58,733,730,0,0,0,0,0,0,0,0,0,0,0,0,0,0,0,2,2,2,4,5,5
591,2307.35,10.3,6.0,718406.71,460534.87,734,731,0,0,0,0,0,0,0,0,0,0,0,0,0,0,0,0,0,3,5,5,5
592,2305.93,10.2,5.9,718414.55,460541.03,735,732,0,0,0,0,0,0,0,0,0,0,0,0,0,0,0,0,0,0,0,0,0
593,2305.5,10.2,6.0,718417.94,460547.86,736,733,0,0,0,0,0,0,0,0,0,0,0,0,0,0,1,2,2,2,2,2,2
594,2302.81,10.1,5.9,718425.96,460550.45,737,734,0,0,0,0,0,0,0,0,0,0,0,0,0,0,2,3,4,5,5,5,5
595,2302.73,10.1,5.9,718429.08,460554.62,738,735,0,0,0,0,0,0,0,0,0,0,0,0,0,0,1,3,4,5,5,5,5
596,2301.78,9.9,6.0,718435.36,460550.54,743,740,0,0,0,0,0,0,0,0,0,0,0,0,0,0,1,2,2,5,5,5,5
597,2298.17,9.7,5.9,718436.52,460545.09,744,741,0,0,0,0,0,0,0,0,0,0,0,0,0,0,1,2,2,5,5,5,5
598,2297.4,9.7,6.0,718440.61,460539.8,745,742,0,0,0,0,0,0,0,0,0,0,0,0,0,0,3,4,5,5,5,5,5
599,2300.61,9.4,5.8,718434.83,460537.09,747,744,0,0,3,4,4,5,5,5,5,5,5,5,5,5,5,5,5,5,5,5,5
600,2300.79,9.6,5.9,718430.27,460543.59,748,745,0,0,1,2,2,5,5,5,5,5,5,5,5,5,5,5,5,5,5,5,5
601,2302.43,9.3,5.8,718424.66,460545.55,750,747,0,1,3,4,4,5,5,5,5,5,5,5,5,5,5,5,5,5,5,5,5
602,2302.16,9.3,5.8,718421.61,460541.82,751,748,0,1,2,3,3,5,5,5,5,5,5,5,5,5,5,5,5,5,5,5,5
603,2301.76,9.4,5.9,718423.35,460533.61,753,750,0,1,1,2,2,4,5,5,5,5,5,5,5,5,5,5,5,5,5,5,5
604,2301.95,9.5,5.9,718429.96,460532.85,754,751,0,0,0,0,0,1,2,3,4,5,5,5,5,5,5,5,5,5,5,5,5
605,2302.11,11.4,6.1,718435.38,460531.32,755,752,0,0,0,0,0,0,1,3,3,4,5,5,5,5,5,5,5,5,5,5,5
606,2299.85,9.3,5.9,718433.92,460526.52,756,753,0,0,0,0,0,0,0,1,2,2,2,3,4,5,5,5,5,5,5,5,5
607,2297.18,9.5,6.0,718439.15,460530.32,757,754,0,0,0,0,0,0,1,1,2,3,3,5,5,5,5,5,5,5,5,5,5
608,2300.62,9.3,5.9,718428.24,460537.68,758,755,0,0,0,0,1,2,3,3,4,5,5,5,5,5,5,5,5,5,5,5,5
609,2293.47,10.2,6.3,718462.75,460546.74,762,759,0,0,0,1,2,3,4,5,5,5,5,5,5,5,5,5,5,5,5,5,5
610,2289.96,9.1,5.9,718489.12,460547.82,765,762,0,0,0,0,1,3,5,5,5,5,5,5,5,5,5,5,5,5,5,5,5
611,2289.71,8.8,5.8,718496.0,460548.96,766,763,0,1,2,4,5,5,5,5,5,5,5,5,5,5,5,5,5,5,5,5,5
612,2290.62,9.0,6.1,718501.26,460554.99,767,764,0,1,1,3,5,5,5,5,5,5,5,5,5,5,5,5,5,5,5,5,5
613,2287.97,8.8,5.8,718503.04,460551.26,768,765,0,1,1,2,3,3,4,5,5,5,5,5,5,5,5,5,5,5,5,5,5
614,2287.41,10.6,6.2,718508.13,460551.62,769,766,0,3,4,5,5,5,5,5,5,5,5,5,5,5,5,5,5,5,5,5,5
615,2291.4,8.8,5.9,718505.36,460558.56,770,767,0,5,5,5,5,5,5,5,5,5,5,5,5,5,5,5,5,5,5,5,5
616,2289.0,8.8,5.8,718513.67,460558.77,771,768,0,4,4,5,5,5,5,5,5,5,5,5,5,5,5,5,5,5,5,5,5
617,2287.22,8.7,5.8,718514.4,460553.92,772,769,0,0,0,0,0,1,2,3,4,5,5,5,5,5,5,5,5,5,5,5,5
618,2285.42,9.0,5.9,718520.3,460552.69,773,770,0,0,0,0,0,3,4,5,5,5,5,5,5,5,5,5,5,5,5,5,5
619,2287.5,8.6,5.8,718521.23,460560.04,774,771,0,0,0,1,2,5,5,5,5,5,5,5,5,5,5,5,5,5,5,5,5
620,2287.1,9.0,6.2,718527.64,460565.37,775,772,0,1,2,3,4,5,5,5,5,5,5,5,5,5,5,5,5,5,5,5,5
621,2285.4,8.7,5.8,718532.36,460564.21,776,773,0,3,4,5,5,5,5,5,5,5,5,5,5,5,5,5,5,5,5,5,5
622,2285.07,8.8,5.9,718530.4,460571.46,777,774,0,1,1,1,2,3,4,5,5,5,5,5,5,5,5,5,5,5,5,5,5
623,2284.19,8.6,5.8,718535.84,460572.34,778,775,0,1,3,4,4,4,5,5,5,5,5,5,5,5,5,5,5,5,5,5,5
624,2286.12,8.4,5.7,718526.8,460557.38,779,776,0,0,0,0,0,0,0,1,1,1,2,3,3,3,5,5,5,5,5,5,5
625,2305.89,13.1,6.3,718414.83,460532.46,780,777,0,0,0,0,0,2,2,2,4,4,5,5,5,5,5,5,5,5,5,5,5
626,2309.25,12.8,6.2,718404.39,460529.51,782,779,0,0,1,1,1,2,2,2,3,3,4,4,5,5,5,5,5,5,5,5,5
627,2303.85,9.1,5.8,718402.84,460523.87,785,782,0,0,0,1,1,1,1,2,2,3,4,5,5,5,5,5,5,5,5,5,5
628,2302.65,9.3,6.1,718397.63,460520.63,786,783,0,0,1,2,2,3,3,4,5,5,5,5,5,5,5,5,5,5,5,5,5
629,2305.34,9.9,5.9,718392.09,460522.84,787,784,0,1,2,3,3,4,5,5,5,5,5,5,5,5,5,5,5,5,5,5,5
630,2306.74,9.5,6.7,718383.04,460519.16,789,786,0,1,2,2,3,4,4,4,4,5,5,5,5,5,5,5,5,5,5,5,5
631,2309.61,10.2,6.6,718379.4,460527.06,790,787,0,0,0,0,0,0,0,0,0,0,0,0,0,0,0,0,0,1,1,2,2
632,2310.3,8.8,6.5,718374.37,460519.58,791,788,0,0,0,0,0,0,0,0,0,0,0,0,0,0,3,3,4,5,5,5,5
633,2310.83,8.8,6.5,718370.48,460513.77,792,789,0,0,0,0,0,0,0,0,0,0,0,0,0,0,2,3,4,5,5,5,5
634,2312.17,8.8,6.5,718366.11,460509.72,793,790,0,0,0,0,0,0,0,0,0,0,0,0,0,0,0,0,0,0,0,0,0
635,2317.81,11.0,6.8,718363.51,460510.46,794,791,0,0,0,0,0,0,0,0,0,0,0,0,0,0,0,0,0,0,0,0,0
636,2313.41,8.8,6.6,718368.73,460518.47,795,792,0,0,0,0,0,0,0,0,0,0,0,0,0,0,0,0,0,0,0,0,0
637,2316.33,9.1,6.7,718371.28,460524.6,797,794,0,0,0,0,0,0,0,0,0,0,0,0,0,0,0,0,0,0,0,0,0
638,2312.23,8.9,6.7,718375.99,460530.4,798,795,0,0,0,0,0,0,0,0,0,0,0,0,0,0,0,0,0,1,1,1,1
639,2308.91,11.2,7.0,718386.6,460529.56,799,796,0,0,0,0,0,0,0,0,0,0,0,0,0,0,0,0,0,1,1,1,1
640,2315.53,9.5,6.8,718389.6,460536.7,802,799,0,0,0,0,0,0,0,0,0,0,0,0,0,0,0,0,0,0,0,0,0
641,2313.37,11.5,7.1,718381.96,460534.55,803,800,0,0,0,0,0,0,0,0,0,0,0,0,0,0,0,0,0,0,0,0,0
642,2314.22,9.7,6.8,718375.04,460537.31,804,801,0,0,0,0,0,0,0,0,0,0,0,0,0,0,0,0,0,0,0,0,0
643,2317.66,11.6,7.1,718384.45,460538.95,805,802,0,0,0,0,0,0,0,0,0,0,0,0,0,0,0,0,0,0,0,0,0
644,2321.55,11.8,7.2,718384.83,460542.88,806,803,0,0,0,0,0,0,0,0,0,0,0,0,0,0,0,0,0,0,0,0,0
645,2316.86,9.6,6.9,718374.7,460541.8,807,804,0,0,0,0,0,0,0,0,0,0,0,0,0,0,0,0,0,1,2,2,2
646,2322.61,11.7,7.1,718377.0,460547.12,808,805,0,0,0,0,0,0,0,0,0,0,0,0,0,0,0,0,0,3,4,5,5
647,2323.66,12.5,7.5,718379.3,460553.25,809,806,0,0,0,0,0,0,0,0,0,0,0,0,0,0,0,0,0,0,0,0,0
648,2323.48,12.9,7.6,718373.07,460552.88,810,807,0,0,0,0,0,0,0,0,0,0,0,0,0,0,4,5,5,5,5,5,5
649,2320.82,9.6,6.6,718369.84,460545.07,812,809,0,0,0,0,0,0,0,0,0,0,0,0,0,0,2,2,2,2,2,2,2
650,2317.0,11.4,7.3,718364.21,460534.1,813,810,0,0,0,0,0,0,0,0,0,0,0,0,0,0,0,0,0,0,0,0,0
651,2318.39,8.9,6.5,718368.66,460530.72,814,811,0,0,0,0,0,0,0,0,0,0,0,0,0,0,1,1,1,1,1,1,1
652,2321.72,8.9,6.5,718365.26,460525.05,815,812,0,0,0,0,0,0,0,0,0,0,0,0,0,0,0,0,0,0,0,0,0
653,2319.66,8.9,6.5,718359.18,460513.34,816,813,0,0,0,0,0,0,0,0,0,0,0,0,1,2,4,5,5,5,5,5,5
654,2324.08,8.9,6.5,718356.43,460515.22,817,814,0,0,0,0,0,0,0,0,0,0,0,0,3,4,5,5,5,5,5,5,5
655,2323.48,8.9,6.5,718362.2,460519.51,818,815,0,0,0,0,0,0,0,0,0,0,0,0,0,0,0,0,0,0,0,0,0
656,2323.33,10.9,7.1,718366.2,460538.33,820,817,0,0,0,0,0,0,0,0,0,0,0,0,0,0,0,0,0,0,0,0,0
657,2336.38,13.4,7.5,718379.76,460553.36,823,820,0,0,0,0,0,0,0,0,0,0,0,0,0,0,0,0,0,0,0,0,0
658,2330.23,13.5,7.5,718371.95,460552.22,824,821,0,0,0,0,0,0,0,0,0,0,0,0,0,0,0,0,0,0,0,0,0
659,2331.1,13.6,7.5,718370.31,460556.89,825,822,0,0,0,0,0,0,0,0,0,0,0,0,0,0,0,0,0,0,0,0,0
660,2327.89,13.6,7.5,718364.5,460549.73,826,823,0,0,0,0,0,0,0,0,0,0,0,0,0,0,0,0,0,0,0,0,0
661,2323.43,9.9,6.6,718360.52,460542.77,827,824,0,0,0,0,0,0,0,0,0,0,0,0,0,0,0,0,0,0,0,0,0
662,2323.97,9.9,6.6,718360.94,460537.18,828,825,0,0,0,0,0,0,0,0,0,0,0,0,0,0,0,0,0,0,0,0,0
663,2328.9,10.3,6.8,718357.06,460532.11,829,826,0,0,0,0,0,0,0,0,0,0,0,0,0,0,0,0,0,0,0,0,0
664,2325.7,9.6,6.5,718359.27,460525.83,830,827,0,0,0,0,0,0,0,0,0,0,0,0,0,0,0,0,0,0,0,0,0
665,2330.32,10.6,5.9,718355.66,460520.51,831,828,0,0,0,0,0,0,0,0,0,0,0,0,0,0,0,0,0,0,0,0,0
666,2325.51,10.7,6.9,718350.22,460516.42,832,829,0,0,0,0,0,0,0,0,0,0,0,0,0,0,0,0,0,3,5,5,5
667,2328.35,10.0,6.6,718344.68,460519.64,833,830,0,0,0,0,0,0,0,0,0,0,0,0,0,0,0,0,0,1,1,2,2
668,2331.33,10.0,6.6,718348.27,460524.03,834,831,0,0,0,0,0,0,0,0,0,0,0,0,0,0,0,0,0,0,2,2,2
669,2330.8,10.0,6.6,718352.47,460527.4,835,832,0,0,0,0,0,0,0,0,0,0,0,0,0,0,0,0,0,0,0,0,0
670,2330.82,11.3,7.0,718355.46,460543.27,837,834,0,0,0,0,0,0,0,0,0,0,0,0,0,0,0,0,0,0,0,0,0
671,2336.26,14.2,7.6,718360.63,460546.17,838,835,0,0,0,0,0,0,0,0,0,0,0,0,0,0,0,0,0,0,0,0,0
672,2332.7,11.8,7.2,718364.44,460553.11,839,836,0,0,0,0,0,0,0,0,0,0,0,0,0,0,0,0,0,0,0,0,0
673,2334.27,14.3,7.5,718366.5,460558.51,840,837,0,0,0,0,0,0,0,0,0,0,0,0,0,0,0,0,0,2,3,4,5
674,2334.65,14.4,7.5,718374.88,460560.64,841,838,0,0,0,0,0,0,0,0,0,0,0,0,0,0,0,0,0,1,2,2,2
675,2332.75,14.4,7.5,718380.5,460560.05,842,839,0,0,0,0,0,0,0,0,0,0,0,0,1,2,4,4,4,5,5,5,5
676,2332.87,9.1,6.7,718377.66,460564.45,844,841,0,0,0,0,0,0,0,0,0,0,1,3,4,5,5,5,5,5,5,5,5
677,2332.81,9.5,6.4,718381.39,460572.09,846,843,0,0,0,0,0,0,0,0,0,0,0,0,0,0,0,0,0,0,0,0,0
678,2334.35,8.4,5.7,718375.14,460570.56,847,844,0,0,0,0,0,0,0,0,0,0,0,0,0,0,0,0,0,1,1,1,1
679,2335.96,9.0,6.2,718368.46,460567.2,848,845,0,0,0,0,0,0,0,0,0,0,0,0,0,0,0,0,0,0,0,0,0
680,2341.4,14.4,7.3,718368.24,460561.9,849,846,0,0,0,0,0,0,0,0,0,0,0,0,0,0,0,0,0,0,0,0,0
681,2338.52,14.4,7.3,718361.02,460560.88,850,847,0,0,0,0,0,0,0,0,0,1,2,2,3,3,4,5,5,5,5,5,5
682,2335.76,8.2,5.6,718357.01,460554.63,851,848,0,0,0,0,0,0,0,0,0,0,0,0,0,0,0,0,0,0,0,0,0
683,2339.65,14.3,7.3,718354.92,460546.14,852,849,0,0,0,0,0,0,0,0,0,0,0,0,0,0,0,0,0,0,0,0,0
684,2340.84,14.3,7.2,718353.86,460535.35,853,850,0,0,0,0,0,0,0,0,0,0,1,2,3,4,5,5,5,5,5,5,5
685,2335.87,9.6,6.3,718352.58,460531.32,854,851,0,0,0,0,0,0,0,0,0,0,0,0,0,0,0,0,0,0,0,0,0
686,2336.61,8.6,5.7,718347.57,460530.28,855,852,0,0,0,0,0,0,0,0,0,0,0,0,0,0,0,0,0,0,0,0,0
687,2338.84,11.4,6.3,718341.72,460520.67,856,853,0,0,0,0,0,0,0,0,0,0,0,0,0,0,0,0,0,0,0,0,0
688,2338.8,9.0,6.0,718334.1,460519.14,857,854,0,0,0,0,0,0,0,0,0,1,1,2,2,3,3,3,3,5,5,5,5
689,2342.78,14.1,7.1,718331.7,460518.86,858,855,0,0,0,0,0,0,0,0,0,0,0,0,0,0,1,1,1,1,1,1,1
690,2339.36,9.0,5.9,718341.87,460529.68,860,857,0,0,0,0,0,0,0,0,0,0,0,0,0,0,0,0,0,0,0,0,0
691,2338.45,8.8,5.8,718346.35,460535.07,861,858,0,0,0,0,0,0,0,0,0,0,0,0,0,0,0,0,0,0,0,0,0
692,2338.41,8.7,5.7,718347.84,460543.51,862,859,0,0,0,0,0,0,0,0,0,0,0,0,0,0,0,0,0,0,0,0,0
693,2338.5,9.0,5.9,718350.06,460549.96,863,860,0,0,0,0,0,0,0,0,0,0,0,0,0,0,0,0,0,0,0,0,0
694,2339.46,8.7,5.7,718352.48,460559.39,865,862,0,0,0,0,0,0,0,0,0,0,0,0,0,0,0,0,0,0,0,0,0
695,2340.14,8.3,5.6,718357.23,460565.56,866,863,0,0,0,0,0,0,0,0,0,0,0,0,0,0,0,0,0,0,0,0,0
696,2341.0,8.7,5.9,718362.38,460568.37,867,864,0,0,0,0,0,0,0,0,0,0,0,0,0,0,0,0,0,0,0,0,0
697,2340.57,8.8,5.9,718367.92,460573.4,868,865,0,0,0,0,0,0,0,0,1,1,1,5,5,5,5,5,5,5,5,5,5
698,2341.78,8.8,5.9,718373.05,460577.22,869,866,0,0,0,0,0,0,0,0,0,0,0,0,0,0,0,0,0,0,0,0,0
699,2336.74,8.8,5.8,718376.94,460575.42,870,867,0,0,0,0,0,0,0,0,0,0,0,0,0,0,0,0,0,0,0,0,0
700,2342.34,8.1,5.6,718374.54,460581.7,871,868,0,0,0,0,0,0,0,0,0,0,0,0,0,0,0,0,0,0,0,0,0
701,2342.42,8.2,5.6,718346.02,460548.79,872,869,0,0,0,0,0,0,0,0,0,0,0,0,0,0,0,0,0,0,0,0,0
702,2342.19,8.7,5.7,718342.75,460542.38,873,870,0,0,0,0,0,0,0,0,0,0,0,0,0,0,0,0,0,0,0,0,0
703,2345.98,11.3,5.8,718340.2,460536.94,874,871,0,0,0,0,0,0,0,0,0,0,0,0,0,0,0,0,0,0,0,0,0
704,2344.39,8.1,5.6,718336.98,460533.72,875,872,0,0,0,0,0,0,0,0,0,0,0,0,0,0,0,0,0,0,0,0,0
705,2343.16,8.1,5.6,718331.09,460527.06,876,873,0,0,0,0,0,0,0,0,0,0,0,0,0,0,0,0,3,3,4,4,5
706,2345.69,8.8,5.7,718321.89,460518.07,878,875,0,0,0,0,0,0,0,0,0,0,0,0,0,0,0,0,0,0,0,0,0
707,2346.24,8.7,5.8,718320.86,460511.81,879,876,0,0,0,0,0,0,0,0,0,0,0,0,0,0,0,0,0,0,0,0,0
708,2348.25,8.3,5.8,718315.37,460508.4,880,877,0,0,0,0,0,0,0,0,0,0,0,0,0,0,0,0,0,0,0,0,0
709,2346.25,9.2,5.8,718317.66,460498.71,881,878,0,0,0,0,0,0,0,0,0,0,0,0,0,0,0,0,0,1,1,1,1
710,2347.32,8.7,5.7,718311.18,460504.4,882,879,0,0,0,0,0,0,0,0,0,0,0,0,0,0,1,2,3,4,5,5,5
711,2348.97,8.9,5.7,718303.79,460498.34,883,880,0,0,0,0,0,0,0,0,0,0,0,0,0,0,3,4,5,5,5,5,5
712,2350.22,9.2,5.9,718308.4,460491.85,886,883,0,0,0,0,0,0,0,0,0,0,0,0,0,0,0,3,4,5,5,5,5
713,2347.96,8.0,5.6,718313.38,460497.32,888,885,0,0,0,0,0,0,0,0,0,0,0,0,0,0,0,0,0,1,1,1,1
714,2346.57,8.7,5.6,718317.09,460492.83,890,887,0,0,0,0,0,0,0,0,0,0,0,0,1,2,3,5,5,5,5,5,5
715,2346.15,9.4,5.8,718322.04,460495.84,891,888,0,0,0,0,0,0,0,0,0,0,0,0,0,0,0,0,0,0,0,0,0
716,2344.29,8.9,5.7,718322.51,460490.08,892,889,0,0,0,0,0,0,0,0,0,0,0,0,0,0,0,0,0,0,0,0,0
717,2347.08,8.8,5.7,718317.06,460486.54,893,890,0,0,0,0,0,0,0,0,0,0,0,0,0,0,0,0,0,0,0,0,0
718,2343.65,9.4,5.8,718319.47,460483.93,894,891,0,0,0,0,0,0,0,0,0,0,0,0,0,0,0,0,0,0,0,0,0
719,2340.69,9.4,5.8,718325.05,460484.58,895,892,0,0,0,0,0,0,0,0,0,0,0,0,0,0,0,0,0,0,0,0,0
720,2341.02,8.8,5.7,718327.16,460491.99,896,893,0,0,0,0,0,0,0,0,0,0,0,0,0,0,0,0,0,0,0,0,0
721,2340.26,8.8,5.7,718327.61,460498.66,897,894,0,0,0,0,0,0,0,0,0,0,0,0,0,0,0,0,0,0,0,0,0
722,2341.91,9.5,5.8,718328.12,460504.43,898,895,0,0,0,0,0,0,0,0,0,0,0,0,0,0,0,0,0,0,0,0,0
723,2343.51,8.8,5.7,718326.47,460510.16,899,896,0,0,0,1,2,2,4,5,5,5,5,5,5,5,5,5,5,5,5,5,5
724,2346.34,9.1,5.7,718321.25,460503.98,900,897,0,1,1,2,3,4,5,5,5,5,5,5,5,5,5,5,5,5,5,5,5
725,2341.86,9.7,5.9,718326.57,460516.75,901,898,0,2,3,4,5,5,5,5,5,5,5,5,5,5,5,5,5,5,5,5,5
726,2339.96,9.7,5.7,718332.41,460513.39,902,899,0,3,4,5,5,5,5,5,5,5,5,5,5,5,5,5,5,5,5,5,5
727,2342.96,9.1,5.7,718334.62,460505.82,904,901,0,0,0,0,0,0,0,0,0,0,0,1,2,2,2,2,3,4,5,5,5
728,2337.49,9.3,5.7,718333.06,460502.34,905,902,0,0,0,0,0,0,0,0,0,0,0,0,0,0,0,0,0,0,0,0,0
729,2335.4,10.8,5.8,718330.06,460487.21,907,904,0,0,0,0,0,0,0,0,0,0,0,0,0,0,0,0,0,0,0,0,0
730,2336.97,9.2,5.7,718325.08,460478.71,908,905,0,0,0,0,0,0,0,0,0,0,0,0,0,0,0,0,0,0,0,0,0
731,2338.04,9.2,5.8,718320.3,460473.95,909,906,0,0,0,0,0,0,0,0,0,1,1,1,1,1,1,1,1,1,1,1,1
732,2335.3,8.9,5.7,718327.44,460471.42,910,907,0,0,0,0,0,0,0,0,2,3,3,3,4,5,5,5,5,5,5,5,5
733,2334.0,9.0,5.7,718330.64,460474.74,911,908,0,0,0,0,0,0,0,0,1,1,2,2,4,4,5,5,5,5,5,5,5
734,2332.24,9.6,5.9,718333.34,460480.41,913,910,0,0,0,0,0,0,0,0,3,3,4,5,5,5,5,5,5,5,5,5,5
735,2335.54,9.7,6.0,718337.28,460491.59,917,914,0,0,0,0,0,0,0,0,0,0,0,0,0,0,0,0,0,0,0,0,0
736,2335.59,9.8,5.9,718331.18,460497.72,919,916,0,0,0,0,0,0,0,0,0,0,0,0,0,0,0,0,0,0,0,0,0
737,2335.48,9.1,5.7,718336.79,460498.03,920,917,0,0,0,0,0,0,0,0,0,0,0,0,0,0,0,0,0,0,0,0,0
738,2339.42,9.5,5.8,718338.87,460508.05,922,919,0,0,0,0,0,0,0,0,0,0,0,0,0,0,0,0,0,0,0,0,0
739,2337.99,8.9,5.8,718337.93,460514.5,923,920,0,0,0,0,0,0,0,0,0,0,0,0,0,0,0,0,0,0,0,0,0
740,2337.74,9.1,5.9,718342.89,460514.98,924,921,0,0,0,0,0,0,0,0,0,0,0,0,0,0,0,0,0,0,0,0,0
741,2334.44,9.6,6.6,718341.75,460508.74,925,922,0,0,0,0,0,0,0,0,0,0,0,0,0,0,0,0,0,0,0,0,0
742,2337.62,9.8,5.9,718345.16,460503.67,926,923,0,0,0,0,0,0,0,0,0,0,0,0,0,0,0,0,0,0,0,0,0
743,2330.34,11.8,5.9,718342.09,460497.39,927,924,0,0,0,0,0,0,0,0,1,2,2,3,3,4,5,5,5,5,5,5,5
744,2329.89,10.2,6.0,718338.82,460491.57,928,925,0,0,0,0,0,0,0,0,0,0,0,0,0,0,0,0,0,0,0,0,0
745,2329.74,9.7,5.8,718342.57,460485.09,930,927,0,0,0,0,0,0,0,0,0,0,0,0,0,0,0,0,0,0,0,1,2
746,2332.63,10.2,6.0,718339.37,460478.51,931,928,0,0,0,0,0,0,0,0,0,0,0,0,0,0,0,0,0,1,1,1,1
747,2331.94,10.1,5.9,718344.47,460477.72,932,929,0,0,0,0,0,0,0,0,0,0,0,0,0,0,0,0,0,0,0,0,0
748,2333.85,10.2,6.1,718340.59,460472.59,933,930,0,0,0,0,0,0,0,0,0,0,0,0,0,0,0,0,0,0,0,0,0
749,2333.41,9.7,5.8,718346.45,460469.79,934,931,0,0,0,0,0,0,0,0,0,0,0,0,0,0,0,0,0,0,0,0,0
750,2330.83,9.7,5.7,718348.94,460466.35,935,932,0,0,0,0,0,0,0,0,0,0,0,0,0,0,0,0,0,0,0,0,0
751,2326.87,12.2,5.9,718353.25,460466.31,936,933,0,0,0,0,0,0,0,0,0,0,0,0,0,0,0,0,0,0,0,0,0
752,2326.99,9.8,5.8,718353.83,460459.43,937,934,0,0,0,0,1,1,1,1,2,2,3,3,4,4,5,5,5,5,5,5,5
753,2326.87,10.1,5.9,718351.32,460473.61,938,935,0,0,0,0,0,0,0,0,0,0,0,0,0,0,0,0,0,0,0,0,0
754,2327.62,10.1,5.9,718347.6,460478.12,939,936,0,0,0,0,0,0,0,0,0,0,0,0,0,0,0,0,0,0,0,0,0
755,2323.24,10.2,6.2,718357.35,460470.85,940,937,0,0,0,0,0,0,0,0,0,0,0,0,0,0,0,0,0,0,0,0,0
756,2319.06,10.2,6.2,718357.9,460477.82,943,940,0,0,0,0,0,1,2,3,3,5,5,5,5,5,5,5,5,5,5,5,5
757,2318.44,10.1,5.9,718355.49,460484.88,944,941,0,0,0,0,3,4,4,4,4,5,5,5,5,5,5,5,5,5,5,5,5
758,2318.59,10.7,6.1,718351.79,460488.2,945,942,0,0,0,0,0,0,1,1,1,1,1,2,2,2,2,3,3,4,4,5,5
759,2322.46,10.5,5.9,718347.16,460487.51,946,943,0,0,0,0,0,0,0,0,0,0,0,1,1,1,1,1,1,1,1,1,1
760,2324.02,12.8,6.1,718346.23,460493.89,947,944,0,0,0,0,0,0,0,0,0,0,0,0,0,0,0,0,0,0,0,0,0
761,2323.69,9.8,5.7,718351.58,460497.74,948,945,0,0,0,0,0,0,0,0,0,0,0,0,0,0,0,0,0,0,0,0,0
762,2329.86,12.7,6.1,718348.75,460502.22,949,946,0,0,0,0,0,0,0,0,0,0,0,0,0,0,0,0,0,0,0,0,0
763,2330.84,9.9,5.8,718343.4,460514.84,953,950,0,0,0,0,0,0,0,0,0,0,0,0,0,0,0,0,0,0,0,0,0
764,2329.9,10.2,5.8,718351.31,460514.05,954,951,0,0,0,0,0,0,0,0,0,0,0,0,0,0,0,0,0,0,0,0,0
765,2325.98,10.1,8.5,718353.17,460506.98,955,952,0,0,0,0,0,0,0,0,0,0,0,0,0,0,0,0,0,0,0,0,0
766,2324.43,10.1,5.8,718358.6,460508.29,956,953,0,0,0,0,0,0,0,0,0,0,0,0,0,0,2,2,3,3,5,5,5
767,2319.79,13.3,5.9,718355.0,460502.42,957,954,0,0,0,0,0,0,0,0,0,0,0,0,0,0,0,1,1,1,1,1,1
768,2320.81,9.9,5.8,718355.63,460492.86,958,955,0,0,0,0,0,0,0,0,0,0,0,0,0,0,3,4,5,5,5,5,5
769,2319.81,10.1,6.3,718360.34,460498.76,959,956,0,0,0,0,0,0,0,0,0,0,0,0,0,0,0,0,0,0,0,0,0
770,2320.2,10.1,6.3,718359.29,460505.16,960,957,0,0,0,0,0,0,0,0,0,0,0,0,0,0,1,2,2,2,3,3,5
771,2313.57,13.5,5.9,718364.22,460503.32,961,958,0,0,0,0,0,0,0,0,0,0,0,0,0,0,1,2,3,3,5,5,5
772,2312.99,10.1,5.9,718370.39,460503.5,962,959,0,0,0,0,0,0,1,2,3,4,4,5,5,5,5,5,5,5,5,5,5
773,2315.78,10.3,6.1,718364.9,460499.17,963,960,0,0,0,0,0,0,0,1,2,2,3,3,4,5,5,5,5,5,5,5,5
774,2311.4,13.6,5.9,718366.78,460493.13,964,961,0,0,0,0,0,1,1,2,3,4,5,5,5,5,5,5,5,5,5,5,5
775,2317.21,10.3,5.8,718361.12,460494.09,965,962,0,0,0,0,0,0,2,3,3,4,5,5,5,5,5,5,5,5,5,5,5
776,2317.04,9.9,5.7,718363.03,460477.81,966,963,0,0,0,0,0,0,1,2,3,4,5,5,5,5,5,5,5,5,5,5,5
777,2316.35,10.0,5.9,718362.89,460484.47,967,964,0,0,0,0,0,1,2,3,3,4,4,5,5,5,5,5,5,5,5,5,5
778,2308.47,13.7,5.9,718365.41,460489.03,969,966,0,0,0,0,1,2,2,2,3,3,3,4,4,5,5,5,5,5,5,5,5
779,2312.8,11.6,5.8,718366.11,460482.01,970,967,0,0,0,0,0,0,0,0,0,2,23,2,4,5,5,5,5,5,5,5,5
780,2315.11,10.0,5.8,718367.27,460475.94,971,968,0,0,0,0,0,0,1,1,2,3,3,4,5,5,5,5,5,5,5,5,5
781,2317.3,10.4,5.8,718366.63,460471.18,972,969,0,0,0,1,1,1,2,2,2,4,4,4,5,5,5,5,5,5,5,5,5
782,2320.47,10.3,6.0,718361.57,460468.49,973,970,0,0,0,0,0,0,0,0,0,0,0,0,0,0,0,0,0,0,0,0,0
783,2329.21,9.9,5.8,718348.76,460460.1,974,971,0,0,0,0,0,1,2,2,3,3,4,5,5,5,5,5,5,5,5,5,5
784,2329.54,13.7,5.9,718344.4,460454.61,975,972,0,0,1,1,1,1,2,2,4,4,5,5,5,5,5,5,5,5,5,5,5
785,2332.95,13.8,6.0,718339.5,460450.86,976,973,0,0,1,2,4,5,5,5,5,5,5,5,5,5,5,5,5,5,5,5,5
786,2331.75,9.8,5.7,718340.79,460445.26,977,974,0,0,0,2,4,5,5,5,5,5,5,5,5,5,5,5,5,5,5,5,5
787,2335.64,10.2,6.2,718339.27,460440.1,978,975,0,0,0,0,0,0,0,0,0,0,0,0,0,0,0,0,0,0,0,0,0
788,2336.85,10.2,5.8,718334.95,460433.0,979,976,0,0,0,0,0,0,0,0,0,0,0,0,0,0,0,0,0,0,0,0,0
789,2342.25,10.1,5.8,718330.76,460427.3,980,977,0,0,0,0,0,0,0,0,0,0,0,0,0,0,0,0,0,0,0,0,0
790,2340.68,13.6,5.9,718324.38,460421.72,981,978,0,0,1,2,2,3,4,4,5,5,5,5,5,5,5,5,5,5,5,5,5
791,2342.61,10.2,6.2,718324.99,460414.28,982,979,0,0,1,2,4,5,5,5,5,5,5,5,5,5,5,5,5,5,5,5,5
792,2346.63,10.2,5.8,718320.01,460412.48,983,980,0,0,1,2,4,5,5,5,5,5,5,5,5,5,5,5,5,5,5,5,5
793,2347.32,10.2,5.8,718312.02,460415.14,984,981,0,1,3,3,3,5,5,5,5,5,5,5,5,5,5,5,5,5,5,5,5
794,2343.84,9.8,5.8,718317.81,460419.4,985,982,0,1,4,4,5,5,5,5,5,5,5,5,5,5,5,5,5,5,5,5,5
795,2342.97,9.8,5.7,718320.14,460424.34,986,983,0,2,3,4,5,5,5,5,5,5,5,5,5,5,5,5,5,5,5,5,5
796,2344.63,9.8,5.8,718315.52,460426.38,987,984,0,2,4,5,5,5,5,5,5,5,5,5,5,5,5,5,5,5,5,5,5
797,2343.3,9.8,5.8,718324.12,460428.72,988,985,0,4,4,5,5,5,5,5,5,5,5,5,5,5,5,5,5,5,5,5,5
798,2341.56,10.1,6.2,718329.95,460433.31,989,986,0,0,0,0,0,0,0,0,0,0,0,0,0,0,0,0,0,0,0,0,0
799,2340.05,9.7,5.8,718332.18,460439.17,990,987,0,0,0,0,0,0,0,0,0,0,0,0,0,0,0,0,1,2,2,2,2
800,2338.21,9.7,5.8,718331.47,460445.38,991,988,0,0,0,0,0,0,0,0,0,0,0,0,0,0,0,0,0,0,0,0,0
801,2336.34,9.7,5.8,718337.98,460447.08,992,989,0,0,0,0,0,0,0,0,0,0,0,0,0,0,0,0,0,0,0,0,0
802,2333.62,10.1,6.4,718340.41,460456.26,994,991,0,0,0,0,0,0,0,0,0,0,0,0,0,0,0,0,0,0,0,0,0
803,2333.75,9.7,5.8,718343.3,460461.47,995,992,0,0,0,0,0,0,0,0,0,0,0,0,0,0,0,0,0,0,0,0,0
804,2335.82,13.6,6.0,718343.5,460466.88,997,994,0,0,0,0,0,0,0,0,0,0,0,0,0,0,0,0,0,0,0,0,0
805,2333.19,13.0,5.9,718337.44,460469.09,998,995,0,0,0,0,0,0,0,0,0,0,0,0,0,0,0,0,0,0,0,0,0
806,2337.41,10.0,5.8,718333.64,460469.18,999,996,0,0,0,0,0,0,0,0,0,0,0,0,0,0,0,0,0,0,0,0,0
807,2336.96,12.9,5.9,718339.54,460463.61,1000,997,0,0,0,0,0,0,0,0,0,0,0,0,0,0,0,0,0,0,0,0,0
808,2337.26,12.8,5.9,718333.29,460456.78,1001,998,0,0,0,0,0,0,0,0,0,0,0,0,0,0,0,0,0,0,0,0,0
809,2344.18,10.0,5.8,718328.64,460458.08,1002,999,0,0,0,0,0,0,0,0,0,0,0,0,0,0,0,0,0,3,4,5,5
810,2343.82,9.8,5.8,718326.29,460462.97,1003,1000,0,0,0,0,0,0,0,0,0,0,0,0,0,0,0,0,0,0,0,0,0
811,2340.28,9.5,5.7,718331.53,460465.39,1004,1001,0,0,0,0,0,0,0,0,0,0,0,0,0,0,0,0,0,3,4,5,5
812,2338.37,10.0,6.1,718324.55,460468.26,1005,1002,0,0,0,0,0,0,0,0,0,0,0,0,0,0,0,0,0,0,0,0,0
813,2338.6,12.4,5.9,718318.78,460469.28,1009,1006,0,0,0,0,0,0,0,0,0,0,0,0,0,0,0,0,0,2,3,4,5
814,2342.32,9.8,5.9,718321.35,460464.41,1010,1007,0,0,0,0,0,0,0,0,0,0,0,0,0,0,0,0,0,0,0,0,0
815,2346.58,9.9,6.1,718322.26,460458.99,1012,1009,0,0,0,0,0,0,0,0,0,0,0,0,0,0,0,0,0,0,0,0,0
816,2344.3,9.8,5.8,718314.99,460465.4,1013,1010,0,0,0,0,0,0,0,0,0,0,1,1,2,2,3,5,5,5,5,5,5
817,2344.7,10.7,5.8,718316.21,460459.19,1014,1011,0,0,0,0,0,0,0,0,0,2,2,2,4,4,5,5,5,5,5,5,5
818,2348.49,9.8,5.8,718312.67,460460.48,1015,1012,0,0,0,0,0,0,0,0,0,0,0,0,0,0,0,0,2,2,2,2,2
819,2344.44,9.4,5.7,718310.96,460472.57,1017,1014,0,0,0,0,0,0,0,0,0,0,0,0,0,0,1,1,1,1,1,1,1
820,2347.66,9.3,5.7,718306.25,460475.1,1018,1015,0,0,0,0,0,0,0,0,0,0,1,2,2,2,4,4,5,5,5,5,5
821,2348.38,9.3,5.7,718300.26,460474.11,1020,1017,0,0,0,0,0,0,0,0,0,1,1,3,4,5,5,5,5,5,5,5,5
822,2349.68,9.3,5.7,718303.43,460464.75,1022,1019,0,0,0,0,0,0,0,0,0,0,0,0,0,0,0,0,0,0,0,0,0
823,2348.87,9.6,5.9,718307.94,460463.12,1023,1020,0,0,0,0,0,0,0,0,0,0,0,0,0,0,0,0,0,0,0,0,0
824,2348.5,9.2,5.7,718312.28,460455.35,1025,1022,0,0,0,0,0,0,0,0,0,0,0,0,0,0,0,0,0,0,1,2,2
825,2348.54,9.6,5.9,718317.05,460453.81,1026,1023,0,0,0,0,0,0,0,0,0,0,0,0,0,0,0,0,0,0,0,0,0
826,2346.41,11.0,5.8,718320.44,460449.66,1027,1024,0,0,0,0,0,0,0,0,0,0,0,0,0,0,0,0,0,0,0,0,0
827,2345.93,9.2,5.7,718323.46,460454.06,1028,1025,0,0,0,0,0,0,0,0,0,0,0,0,0,0,0,0,0,2,2,4,5
828,2343.04,9.2,5.8,718326.24,460448.6,1029,1026,0,0,0,0,0,0,0,0,0,0,0,0,0,0,0,0,0,0,0,0,0
829,2344.26,11.6,5.9,718325.98,460441.23,1030,1027,0,0,0,0,0,0,0,0,0,0,0,0,0,0,0,0,0,0,0,0,0
830,2345.51,9.1,5.7,718324.47,460433.78,1031,1028,0,0,0,0,0,0,0,0,0,0,0,0,0,0,0,0,0,0,0,0,0
831,2349.17,9.5,5.9,718318.55,460434.98,1032,1029,0,0,0,0,0,0,0,0,0,0,0,0,0,0,0,0,0,0,0,0,0
832,2348.39,9.6,6.3,718320.34,460443.32,1033,1030,0,0,0,0,0,0,0,0,0,0,0,0,0,0,1,3,4,4,5,5,5
833,2349.42,11.3,5.8,718313.36,460450.41,1035,1032,0,0,0,0,0,0,0,0,0,0,0,0,0,0,1,2,2,2,2,2,2
834,2354.48,9.4,5.8,718308.09,460452.33,1036,1033,0,0,0,0,0,0,0,0,0,0,0,0,0,0,0,1,2,2,2,2,2
835,2352.81,9.1,5.8,718315.93,460446.38,1037,1034,0,0,0,0,0,0,0,0,0,0,0,0,0,0,0,0,0,0,0,0,0
836,2352.5,10.1,5.8,718315.05,460439.84,1038,1035,0,0,0,0,0,0,0,0,0,0,0,0,0,0,0,0,0,0,0,0,0
837,2350.58,11.1,5.8,718313.93,460435.54,1039,1036,0,0,0,0,0,0,0,0,0,0,0,0,0,0,0,0,0,0,0,0,0
838,2346.84,11.5,5.9,718313.14,460430.84,1040,1037,0,0,0,0,0,0,0,0,0,0,0,0,0,0,0,0,0,0,0,0,0
839,2345.15,9.6,6.0,718311.87,460421.68,1041,1038,0,0,0,0,0,0,0,0,0,0,1,3,4,4,5,5,5,5,5,5,5
840,2349.63,9.0,5.8,718306.87,460421.59,1042,1039,0,0,0,0,0,0,0,0,0,0,0,1,3,3,5,5,5,5,5,5,5
841,2349.84,9.3,5.8,718304.47,460415.73,1043,1040,0,0,0,0,0,0,0,0,0,0,2,2,4,4,5,5,5,5,5,5,5
842,2348.0,9.7,6.3,718306.18,460409.88,1044,1041,0,0,0,0,0,0,0,0,0,0,0,0,0,0,0,0,0,0,0,0,0
843,2352.29,9.2,5.8,718301.29,460409.91,1045,1042,0,0,0,0,0,0,0,0,0,0,0,0,0,0,0,0,0,0,0,0,0
844,2352.39,8.9,5.7,718298.39,460415.28,1046,1043,0,0,0,0,0,0,0,0,0,0,0,0,0,0,0,0,0,0,0,0,0
845,2351.2,8.9,5.7,718300.89,460419.78,1047,1044,0,0,0,0,0,0,0,0,0,0,0,0,0,0,0,0,0,0,0,0,0
846,2348.92,9.6,6.0,718303.28,460426.13,1048,1045,0,0,0,0,0,0,0,0,0,0,0,0,0,0,0,0,0,0,0,0,0
847,2352.29,8.8,5.8,718308.74,460434.72,1049,1046,0,0,0,0,0,0,0,0,0,0,0,0,0,0,0,0,0,0,0,0,0
848,2354.5,8.9,5.7,718304.3,460444.01,1051,1048,0,0,0,0,0,0,1,2,3,4,5,5,5,5,5,5,5,5,5,5,5
849,2352.32,9.6,6.0,718304.22,460450.13,1052,1049,0,0,0,0,0,0,0,0,0,0,0,1,1,1,1,1,1,1,1,1,2
850,2356.25,8.8,5.7,718300.97,460455.4,1053,1050,0,0,0,0,0,0,0,0,0,0,0,0,0,2,2,2,2,2,2,2,2
851,2358.33,9.1,5.8,718296.44,460459.17,1054,1051,0,0,0,0,0,0,1,2,3,3,3,3,3,3,3,3,3,3,3,3,3
852,2358.33,10.5,5.8,718288.31,460460.87,1055,1052,0,0,0,0,0,0,1,2,3,4,5,5,5,5,5,5,5,5,5,5,5
853,2357.13,8.9,5.8,718285.81,460466.7,1056,1053,0,0,0,0,0,0,0,3,4,5,5,5,5,5,5,5,5,5,5,5,5
854,2357.33,8.7,5.7,718283.66,460461.35,1057,1054,0,0,0,0,0,0,1,2,4,5,5,5,5,5,5,5,5,5,5,5,5
855,2355.84,9.8,6.1,718285.29,460456.61,1058,1055,0,0,0,0,0,0,2,3,4,5,5,5,5,5,5,5,5,5,5,5,5
856,2358.67,9.1,5.8,718278.59,460457.0,1059,1056,0,0,0,0,0,0,3,4,5,5,5,5,5,5,5,5,5,5,5,5,5
857,2358.23,8.7,5.7,718281.63,460448.7,1060,1057,0,0,0,0,1,2,4,5,5,5,5,5,5,5,5,5,5,5,5,5,5
858,2359.04,10.3,5.8,718281.66,460442.16,1061,1058,0,0,0,0,0,0,0,0,0,0,0,1,2,2,2,2,2,2,2,2,2
859,2356.53,9.6,6.1,718285.77,460440.24,1062,1059,0,0,0,0,0,0,0,0,0,0,0,0,2,2,2,2,2,2,2,2,2
860,2359.53,8.9,5.8,718287.62,460447.12,1063,1060,0,0,0,0,0,0,0,0,0,0,0,0,0,0,0,0,0,0,0,0,0
861,2356.67,9.6,6.1,718290.54,460453.11,1064,1061,0,0,0,0,0,0,0,0,0,0,0,0,0,0,0,0,0,0,0,0,0
862,2355.81,8.7,5.7,718298.62,460449.34,1065,1062,0,0,0,0,0,0,0,0,0,0,0,0,0,0,0,0,0,1,1,1,1
863,2353.92,9.6,6.1,718292.85,460445.0,1066,1063,0,0,0,0,0,0,0,0,0,0,0,0,0,0,0,0,0,0,0,0,0
864,2353.12,9.6,6.1,718292.3,460438.38,1067,1064,0,0,0,0,0,0,0,0,1,2,3,4,5,5,5,5,5,5,5,5,5
865,2356.91,10.2,5.8,718292.62,460434.04,1068,1065,0,0,0,0,0,0,0,0,1,2,2,2,3,4,5,5,5,5,5,5,5
866,2352.92,9.6,6.1,718298.36,460432.72,1069,1066,0,0,0,0,0,0,0,1,1,2,4,5,5,5,5,5,5,5,5,5,5
867,2355.69,8.6,5.7,718302.14,460438.58,1070,1067,0,0,0,0,0,0,1,2,3,4,5,5,5,5,5,5,5,5,5,5,5
868,2357.08,7.9,5.7,718311.28,460444.73,1071,1068,0,0,0,0,0,0,1,3,4,5,5,5,5,5,5,5,5,5,5,5,5
869,2356.65,10.0,5.8,718298.46,460426.16,1072,1069,0,0,0,0,0,0,0,0,0,0,0,0,0,0,0,0,0,0,0,0,0
870,2356.87,10.0,5.8,718295.75,460420.03,1073,1070,0,0,0,0,0,0,0,0,0,0,0,0,0,0,0,0,0,0,0,0,0
871,2356.73,8.5,5.7,718293.45,460410.74,1074,1071,0,0,0,0,0,0,0,0,0,0,0,0,0,0,0,0,0,0,0,0,0
872,2354.52,9.6,6.1,718295.64,460405.14,1075,1072,0,0,0,0,0,0,0,0,0,0,0,0,0,0,0,0,0,0,0,0,0
873,2362.11,9.9,5.9,718291.8,460400.9,1076,1073,0,0,0,0,0,0,0,0,0,0,0,0,0,0,0,0,0,0,0,0,0
874,2362.0,8.5,5.7,718288.57,460407.02,1077,1074,0,0,0,0,0,0,0,0,0,0,0,0,0,0,0,0,0,0,0,0,0
875,2368.4,8.1,5.8,718288.83,460399.0,1078,1075,0,0,0,0,0,0,0,0,0,0,0,0,0,0,0,0,0,0,0,0,0
876,2367.16,8.4,5.8,718285.5,460406.2,1079,1076,0,0,0,0,0,0,0,0,0,0,0,0,0,0,0,0,0,0,0,0,0
877,2365.18,8.1,5.8,718286.65,460411.76,1080,1077,0,0,0,0,0,0,0,0,0,0,0,0,0,0,0,0,0,0,0,0,0
878,2367.12,8.1,5.8,718281.82,460410.91,1081,1078,0,0,0,0,0,0,0,0,0,0,0,0,0,0,0,0,0,0,0,0,0
879,2365.65,7.9,5.7,718277.62,460414.78,1082,1079,0,0,0,0,0,0,0,0,0,0,0,0,0,0,0,0,0,0,0,0,0
880,2367.05,7.9,5.7,718276.66,460422.17,1083,1080,0,0,0,0,0,0,0,0,0,0,0,0,0,0,0,0,0,0,0,0,0
881,2365.72,7.9,5.7,718279.26,460428.54,1084,1081,0,0,0,0,0,0,0,0,0,0,0,0,0,0,0,0,0,0,0,0,0
882,2361.37,8.9,5.8,718280.55,460421.24,1085,1082,0,0,0,0,0,0,0,0,1,1,1,2,3,3,3,4,5,5,5,5,5
883,2358.15,9.6,6.1,718281.13,460415.76,1086,1083,0,0,0,0,0,0,0,0,0,0,0,0,0,0,0,0,0,0,0,0,0
884,2359.69,8.4,5.7,718286.46,460420.51,1087,1084,0,0,0,0,1,2,3,4,5,5,5,5,5,5,5,5,5,5,5,5,5
885,2359.88,8.7,5.8,718286.73,460425.63,1088,1085,0,0,0,1,2,4,5,5,5,5,5,5,5,5,5,5,5,5,5,5,5
886,2361.95,7.9,5.7,718288.53,460432.75,1089,1086,0,0,0,2,3,4,5,5,5,5,5,5,5,5,5,5,5,5,5,5,5
887,2360.59,8.4,5.7,718280.87,460435.13,1090,1087,0,0,0,0,0,0,0,0,0,0,0,0,0,0,0,0,0,0,0,0,0
888,2360.24,8.0,5.7,718293.1,460429.23,1091,1088,0,0,0,0,0,0,1,1,1,2,2,2,4,4,4,5,5,5,5,5,5
889,2350.52,9.7,6.2,718304.57,460457.07,1092,1089,0,0,0,0,0,0,0,0,0,0,0,0,0,0,1,1,1,1,1,1,2
890,2352.62,9.5,5.8,718296.99,460469.09,1093,1090,0,0,0,0,0,0,0,0,2,3,4,4,4,4,4,5,5,5,5,5,5
891,2354.05,8.2,5.7,718299.15,460463.66,1094,1091,0,0,0,0,0,0,0,0,0,0,0,0,0,0,0,0,0,0,0,0,0
892,2355.54,8.5,5.8,718293.07,460465.8,1095,1092,0,0,0,0,0,1,2,3,3,3,4,4,4,5,5,5,5,5,5,5,5
893,2359.59,16.5,6.4,718291.99,460472.07,1096,1093,0,0,0,0,0,0,0,0,0,0,0,0,0,0,0,0,0,0,0,0,0
894,2356.64,8.5,5.8,718288.03,460472.34,1097,1094,0,0,0,0,0,0,0,0,0,0,1,2,2,2,3,4,4,5,5,5,5
895,2355.22,8.5,5.8,718291.36,460479.22,1098,1095,0,0,0,0,0,0,0,0,1,2,4,4,4,4,5,5,5,5,5,5,5
896,2354.25,8.2,5.7,718292.13,460486.01,1099,1096,0,0,0,0,0,0,3,4,5,5,5,5,4,4,5,5,5,5,5,5,5
897,2352.08,9.6,6.2,718298.32,460483.75,1100,1097,0,0,0,0,0,0,0,1,1,1,1,2,2,3,5,5,5,5,5,5,5
898,2351.66,10.0,6.1,718297.11,460477.11,1101,1098,0,0,0,0,0,0,0,0,0,0,3,4,4,5,5,5,5,5,5,5,5
899,2348.79,10.0,6.4,718308.09,460483.24,1103,1100,0,0,0,0,0,0,0,0,0,0,0,0,0,0,0,0,0,0,0,0,0
900,2353.38,9.1,5.8,718312.39,460478.62,1104,1101,0,0,0,0,0,0,0,0,0,0,0,0,0,0,0,0,0,0,0,0,0
901,2341.44,9.6,6.2,718315.15,460478.34,1105,1102,0,0,0,0,0,0,0,0,0,0,0,0,0,0,0,0,0,0,0,0,0
902,2337.59,12.2,6.3,718318.61,460479.14,1106,1103,0,0,0,0,0,0,0,0,0,0,0,0,0,0,0,0,0,0,0,0,0
